CMS04PO                                 

   % INSP O2    PO2      PCO2        PH    MEAS SAT      HB      HCRIT     TEMP

     21.00     47.00     27.80      7.43     83.70     15.70     51.00    37.00
     21.00     48.00     27.70      7.41     84.70     16.30     53.00    37.00
     21.00     50.00     29.00      7.38     83.90     16.30     53.00    37.00
     21.00     53.00     26.80      7.36     84.60     16.80     55.00    37.00
     21.00     55.00     22.60      7.31     84.60     17.20     55.00    37.00
     21.00     40.00     34.50      7.39     75.20     16.60     54.00    37.00


 P50 CALCS EXCLUDE SATRNS LOWER THAN 10.0  AND HIGHER THAN 90.0



   TRIAL P50       SUM OF SQUARES

      20.0            592.1477
      20.1            579.9480
      20.2            567.7653
      20.3            555.6029
      20.4            543.4650
      20.5            531.3554
      20.6            519.2778
      20.7            507.2367
      20.8            495.2359
      20.9            483.2793
      21.0            471.3711
      21.1            459.5159
      21.2            447.7173
      21.3            435.9797
      21.4            424.3078
      21.5            412.7053
      21.6            401.1773
      21.7            389.7275
      21.8            378.3609
      21.9            367.0815
      22.0            355.8938
      22.1            344.8027
      22.2            333.8121
      22.3            322.9272
      22.4            312.1518
      22.5            301.4913
      22.6            290.9494
      22.7            280.5312
      22.8            270.2410
      22.9            260.0836
      23.0            250.0635
      23.1            240.1853
      23.2            230.4534
      23.3            220.8727
      23.4            211.4474
      23.5            202.1821
      23.6            193.0814
      23.7            184.1501
      23.8            175.3923
      23.9            166.8127
      24.0            158.4157
      24.1            150.2055
      24.2            142.1870
      24.3            134.3641
      24.4            126.7414
      24.5            119.3233
      24.6            112.1139
      24.7            105.1177
      24.8             98.3385
      24.9             91.7808
      25.0             85.4486
      25.1             79.3461
      25.2             73.4772
      25.3             67.8461
      25.4             62.4566
      25.5             57.3125
      25.6             52.4178
      25.7             47.7763
      25.8             43.3916
      25.9             39.2676
      26.0             35.4078
      26.1             31.8157
      26.2             28.4948
      26.3             25.4487
      26.4             22.6807
      26.5             20.1939
      26.6             17.9919
      26.7             16.0776
      26.8             14.4543
      26.9             13.1249
      27.0             12.0925
      27.1             11.3598
      27.2             10.9298
      27.3             10.8051
      27.4             10.9886
      27.5             11.4827
      27.6             12.2901
      27.7             13.4130
      27.8             14.8540
      27.9             16.6153
      28.0             18.6991
      28.1             21.1077
      28.2             23.8429
      28.3             26.9070
      28.4             30.3016
      28.5             34.0287
      28.6             38.0900
      28.7             42.4871
      28.8             47.2217
      28.9             52.2952
      29.0             57.7091
      29.1             63.4648
      29.2             69.5635
      29.3             76.0062
      29.4             82.7944
      29.5             89.9287
      29.6             97.4103
      29.7            105.2401
      29.8            113.4188
      29.9            121.9472
      30.0            130.8259
      30.1            140.0553
      30.2            149.6360
      30.3            159.5683
      30.4            169.8528
      30.5            180.4895
      30.6            191.4790
      30.7            202.8211
      30.8            214.5153
      30.9            226.5627
      31.0            238.9623
      31.1            251.7144
      31.2            264.8184
      31.3            278.2744
      31.4            292.0819
      31.5            306.2402
      31.6            320.7489
      31.7            335.6076
      31.8            350.8158
      31.9            366.3722
      32.0            382.2767
      32.1            398.5278
      32.2            415.1251
      32.3            432.0675
      32.4            449.3542
      32.5            466.9839
      32.6            484.9560
      32.7            503.2687
      32.8            521.9214
      32.9            540.9122
      33.0            560.2406
      33.1            579.9045
      33.2            599.9031
      33.3            620.2346
      33.4            640.8975
      33.5            661.8905
      33.6            683.2117
      33.7            704.8601
      33.8            726.8334
      33.9            749.1299
      34.0            771.7487
      34.1            794.6869
      34.2            817.9435
      34.3            841.5167
      34.4            865.4039
      34.5            889.6038
      34.6            914.1152
      34.7            938.9345
      34.8            964.0607
      34.9            989.4915
      35.0           1015.2250
      35.1           1041.2590
      35.2           1067.5920
      35.3           1094.2210
      35.4           1121.1440
      35.5           1148.3600
      35.6           1175.8650
      35.7           1203.6590
      35.8           1231.7380
      35.9           1260.1000
      36.0           1288.7430
      36.1           1317.6660
      36.2           1346.8650
      36.3           1376.3380
      36.4           1406.0830
      36.5           1436.0990
      36.6           1466.3810
      36.7           1496.9290
      36.8           1527.7390
      36.9           1558.8100
      37.0           1590.1390
      37.1           1621.7240
      37.2           1653.5630
      37.3           1685.6520
      37.4           1717.9910
      37.5           1750.5760
      37.6           1783.4040
      37.7           1816.4740
      37.8           1849.7840
      37.9           1883.3300
      38.0           1917.1120
      38.1           1951.1250
      38.2           1985.3680
      38.3           2019.8380
      38.4           2054.5340
      38.5           2089.4520
      38.6           2124.5910
      38.7           2159.9490
      38.8           2195.5210
      38.9           2231.3080
      39.0           2267.3040
      39.1           2303.5100
      39.2           2339.9230
      39.3           2376.5390
      39.4           2413.3570
      39.5           2450.3750
      39.6           2487.5900
      39.7           2525.0000
      39.8           2562.6030
      39.9           2600.3960
      40.0           2638.3770

 MIN SSQ IS   10.81  AT A P50 OF  27.3  TORR,GIVING:

  SET #   VIRT PO2    MEAS SAT   KELMAN SAT     DIFF     LN PO2   LN(S/(1-S))
    1       49.38       83.70       83.86       -.16      3.90        1.64
    2       49.52       84.70       83.98        .72      3.90        1.71
    3       50.04       83.90       84.42       -.52      3.91        1.65
    4       52.33       84.60       86.20      -1.60      3.96        1.70
    5       52.39       84.60       86.25      -1.65      3.96        1.70
    6       39.99       75.20       73.03       2.17      3.69        1.11



  MEAN VALUE OF MEASURED   SAT (X) =      82.8
  MEAN VALUE OF CALCULATED SAT (Y) =      83.0
  STANDARD DEVIATION OF MEASURED   SATURATIONS =       3.7
  STANDARD DEVIATION OF CALCULATED SATURATIONS =       5.0
  SLOPE OF LINEAR REGRESSION LINE =     1.310
  Y INTERCEPT OF THIS LINE =   -25.519
  CORRELATION COEFFICIENT =      .984

      #      SAMPLE     MEAS SAT (X)   CALC SAT (Y)    BEST FIT Y       DIFF

      1         1          83.70          83.86          84.16          -.30
      2         2          84.70          83.98          85.47         -1.49
      3         3          83.90          84.42          84.42           .00
      4         4          84.60          86.20          85.34           .87
      5         5          84.60          86.25          85.34           .91
      6         6          75.20          73.03          73.02           .01



 LINEAR REGRESSION BETWEEN LOG PO2 & LOG(SAT/(1-SAT))

 HILL N IS THE SLOPE; P50 IS EXP(-INTERCEPT/SLOPE)

  MEAN VALUE OF      LOG PO2 (X)     =      3.89
  MEAN VALUE OF LOG(SAT/(1-SAT)) (Y) =      1.59
  STANDARD DEVIATION OF X =       .10
  STANDARD DEVIATION OF Y =       .24
  SLOPE OF LINEAR REGRESSION LINE =     2.286
  Y INTERCEPT OF THIS LINE =    -7.297
  CORRELATION COEFFICIENT =      .976


 #      SAMPLE     LOG PO2 (X)   LOG(SAT/(1-SAT)) (Y)  BEST FIT Y     DIFF

 1         1           3.90           1.64                1.62         .02
 2         2           3.90           1.71                1.62         .09
 3         3           3.91           1.65                1.65         .00
 4         4           3.96           1.70                1.75        -.04
 5         5           3.96           1.70                1.75        -.05
 6         6           3.69           1.11                1.13        -.02


 HILL COEFFICIENT =  2.29   P50 =  24.4
