CMS07PR                                 

   % INSP O2    PO2      PCO2        PH    MEAS SAT      HB      HCRIT     TEMP

     21.00     48.00     26.00      7.36     84.60     18.60     61.00    37.00
     21.00     45.00     26.40      7.35     81.40     19.20     62.00    37.00
     21.00     48.00     24.20      7.29     80.40     19.30     63.00    37.00
     21.00     47.00     23.60      7.27     78.30     19.80     63.00    37.00
     21.00     44.00     29.70      7.34     83.90     17.90     59.00    37.00


 P50 CALCS EXCLUDE SATRNS LOWER THAN 10.0  AND HIGHER THAN 90.0



   TRIAL P50       SUM OF SQUARES

      20.0            428.2372
      20.1            416.6287
      20.2            405.0825
      20.3            393.6039
      20.4            382.1979
      20.5            370.8701
      20.6            359.6256
      20.7            348.4705
      20.8            337.4096
      20.9            326.4488
      21.0            315.5935
      21.1            304.8494
      21.2            294.2224
      21.3            283.7178
      21.4            273.3415
      21.5            263.0992
      21.6            252.9965
      21.7            243.0394
      21.8            233.2330
      21.9            223.5838
      22.0            214.0972
      22.1            204.7789
      22.2            195.6344
      22.3            186.6697
      22.4            177.8904
      22.5            169.3021
      22.6            160.9101
      22.7            152.7204
      22.8            144.7384
      22.9            136.9695
      23.0            129.4192
      23.1            122.0928
      23.2            114.9956
      23.3            108.1330
      23.4            101.5102
      23.5             95.1321
      23.6             89.0041
      23.7             83.1309
      23.8             77.5174
      23.9             72.1687
      24.0             67.0894
      24.1             62.2841
      24.2             57.7573
      24.3             53.5136
      24.4             49.5574
      24.5             45.8928
      24.6             42.5243
      24.7             39.4557
      24.8             36.6910
      24.9             34.2341
      25.0             32.0888
      25.1             30.2587
      25.2             28.7474
      25.3             27.5582
      25.4             26.6944
      25.5             26.1593
      25.6             25.9559
      25.7             26.0871
      25.8             26.5559
      25.9             27.3649
      26.0             28.5167
      26.1             30.0137
      26.2             31.8584
      26.3             34.0528
      26.4             36.5993
      26.5             39.4997
      26.6             42.7559
      26.7             46.3697
      26.8             50.3426
      26.9             54.6763
      27.0             59.3720
      27.1             64.4311
      27.2             69.8547
      27.3             75.6437
      27.4             81.7993
      27.5             88.3222
      27.6             95.2129
      27.7            102.4722
      27.8            110.1005
      27.9            118.0983
      28.0            126.4656
      28.1            135.2027
      28.2            144.3096
      28.3            153.7863
      28.4            163.6326
      28.5            173.8482
      28.6            184.4328
      28.7            195.3860
      28.8            206.7073
      28.9            218.3956
      29.0            230.4507
      29.1            242.8716
      29.2            255.6574
      29.3            268.8072
      29.4            282.3197
      29.5            296.1938
      29.6            310.4287
      29.7            325.0226
      29.8            339.9743
      29.9            355.2823
      30.0            370.9453
      30.1            386.9615
      30.2            403.3293
      30.3            420.0469
      30.4            437.1127
      30.5            454.5251
      30.6            472.2813
      30.7            490.3806
      30.8            508.8200
      30.9            527.5976
      31.0            546.7120
      31.1            566.1607
      31.2            585.9409
      31.3            606.0513
      31.4            626.4890
      31.5            647.2520
      31.6            668.3378
      31.7            689.7441
      31.8            711.4685
      31.9            733.5084
      32.0            755.8613
      32.1            778.5249
      32.2            801.4963
      32.3            824.7734
      32.4            848.3530
      32.5            872.2334
      32.6            896.4116
      32.7            920.8847
      32.8            945.6500
      32.9            970.7053
      33.0            996.0479
      33.1           1021.6740
      33.2           1047.5830
      33.3           1073.7700
      33.4           1100.2340
      33.5           1126.9710
      33.6           1153.9790
      33.7           1181.2550
      33.8           1208.7950
      33.9           1236.5990
      34.0           1264.6620
      34.1           1292.9820
      34.2           1321.5560
      34.3           1350.3820
      34.4           1379.4560
      34.5           1408.7760
      34.6           1438.3390
      34.7           1468.1420
      34.8           1498.1840
      34.9           1528.4600
      35.0           1558.9680
      35.1           1589.7060
      35.2           1620.6700
      35.3           1651.8580
      35.4           1683.2680
      35.5           1714.8960
      35.6           1746.7410
      35.7           1778.7980
      35.8           1811.0670
      35.9           1843.5420
      36.0           1876.2240
      36.1           1909.1080
      36.2           1942.1920
      36.3           1975.4740
      36.4           2008.9510
      36.5           2042.6200
      36.6           2076.4790
      36.7           2110.5250
      36.8           2144.7560
      36.9           2179.1690
      37.0           2213.7620
      37.1           2248.5330
      37.2           2283.4780
      37.3           2318.5960
      37.4           2353.8850
      37.5           2389.3400
      37.6           2424.9610
      37.7           2460.7450
      37.8           2496.6890
      37.9           2532.7920
      38.0           2569.0510
      38.1           2605.4630
      38.2           2642.0270
      38.3           2678.7390
      38.4           2715.5990
      38.5           2752.6040
      38.6           2789.7500
      38.7           2827.0380
      38.8           2864.4640
      38.9           2902.0250
      39.0           2939.7210
      39.1           2977.5480
      39.2           3015.5060
      39.3           3053.5900
      39.4           3091.8000
      39.5           3130.1340
      39.6           3168.5900
      39.7           3207.1660
      39.8           3245.8580
      39.9           3284.6670
      40.0           3323.5890

 MIN SSQ IS   25.96  AT A P50 OF  25.6  TORR,GIVING:

  SET #   VIRT PO2    MEAS SAT   KELMAN SAT     DIFF     LN PO2   LN(S/(1-S))
    1       47.48       84.60       84.90       -.30      3.86        1.70
    2       44.06       81.40       81.61       -.21      3.79        1.48
    3       44.70       80.40       82.28      -1.88      3.80        1.41
    4       43.04       78.30       80.47      -2.17      3.76        1.28
    5       42.38       83.90       79.71       4.19      3.75        1.65



  MEAN VALUE OF MEASURED   SAT (X) =      81.7
  MEAN VALUE OF CALCULATED SAT (Y) =      81.8
  STANDARD DEVIATION OF MEASURED   SATURATIONS =       2.6
  STANDARD DEVIATION OF CALCULATED SATURATIONS =       2.0
  SLOPE OF LINEAR REGRESSION LINE =      .314
  Y INTERCEPT OF THIS LINE =    56.123
  CORRELATION COEFFICIENT =      .404

      #      SAMPLE     MEAS SAT (X)   CALC SAT (Y)    BEST FIT Y       DIFF

      1         1          84.60          84.90          82.70          2.20
      2         2          81.40          81.61          81.69          -.09
      3         3          80.40          82.28          81.38           .90
      4         4          78.30          80.47          80.72          -.25
      5         5          83.90          79.71          82.48         -2.77



 LINEAR REGRESSION BETWEEN LOG PO2 & LOG(SAT/(1-SAT))

 HILL N IS THE SLOPE; P50 IS EXP(-INTERCEPT/SLOPE)

  MEAN VALUE OF      LOG PO2 (X)     =      3.79
  MEAN VALUE OF LOG(SAT/(1-SAT)) (Y) =      1.51
  STANDARD DEVIATION OF X =       .04
  STANDARD DEVIATION OF Y =       .17
  SLOPE OF LINEAR REGRESSION LINE =     1.693
  Y INTERCEPT OF THIS LINE =    -4.913
  CORRELATION COEFFICIENT =      .430


 #      SAMPLE     LOG PO2 (X)   LOG(SAT/(1-SAT)) (Y)  BEST FIT Y     DIFF

 1         1           3.86           1.70                1.62         .08
 2         2           3.79           1.48                1.50        -.02
 3         3           3.80           1.41                1.52        -.11
 4         4           3.76           1.28                1.46        -.17
 5         5           3.75           1.65                1.43         .22


 HILL COEFFICIENT =  1.69   P50 =  18.2
