CMS02PO                                 

   % INSP O2    PO2      PCO2        PH    MEAS SAT      HB      HCRIT     TEMP

     21.00     46.00     30.70      7.38     82.40     16.00     54.00    37.00
     21.00     45.00     32.80      7.35     80.90     16.50     55.00    37.00
     21.00     46.00     33.30      7.34     80.10     16.60     57.00    37.00
     21.00     46.00     32.40      7.30     79.60     16.80     57.00    37.00
     21.00     55.00     24.30      7.29     85.60     17.30     57.00    37.00
     21.00     32.00     38.10      7.37     59.70     16.20     54.00    37.00


 P50 CALCS EXCLUDE SATRNS LOWER THAN 10.0  AND HIGHER THAN 90.0



   TRIAL P50       SUM OF SQUARES

      20.0            738.5775
      20.1            717.7366
      20.2            697.0843
      20.3            676.6266
      20.4            656.3712
      20.5            636.3230
      20.6            616.4889
      20.7            596.8745
      20.8            577.4861
      20.9            558.3297
      21.0            539.4111
      21.1            520.7363
      21.2            502.3105
      21.3            484.1401
      21.4            466.2306
      21.5            448.5873
      21.6            431.2162
      21.7            414.1224
      21.8            397.3111
      21.9            380.7878
      22.0            364.5582
      22.1            348.6267
      22.2            332.9989
      22.3            317.6797
      22.4            302.6739
      22.5            287.9865
      22.6            273.6219
      22.7            259.5857
      22.8            245.8815
      22.9            232.5144
      23.0            219.4885
      23.1            206.8085
      23.2            194.4787
      23.3            182.5027
      23.4            170.8850
      23.5            159.6297
      23.6            148.7406
      23.7            138.2216
      23.8            128.0761
      23.9            118.3081
      24.0            108.9208
      24.1             99.9178
      24.2             91.3024
      24.3             83.0781
      24.4             75.2473
      24.5             67.8140
      24.6             60.7803
      24.7             54.1496
      24.8             47.9242
      24.9             42.1070
      25.0             36.7003
      25.1             31.7068
      25.2             27.1284
      25.3             22.9676
      25.4             19.2265
      25.5             15.9069
      25.6             13.0108
      25.7             10.5400
      25.8              8.4961
      25.9              6.8806
      26.0              5.6951
      26.1              4.9409
      26.2              4.6192
      26.3              4.7312
      26.4              5.2778
      26.5              6.2602
      26.6              7.6789
      26.7              9.5347
      26.8             11.8284
      26.9             14.5604
      27.0             17.7311
      27.1             21.3408
      27.2             25.3897
      27.3             29.8781
      27.4             34.8057
      27.5             40.1727
      27.6             45.9788
      27.7             52.2237
      27.8             58.9073
      27.9             66.0286
      28.0             73.5876
      28.1             81.5834
      28.2             90.0153
      28.3             98.8826
      28.4            108.1842
      28.5            117.9194
      28.6            128.0869
      28.7            138.6857
      28.8            149.7144
      28.9            161.1720
      29.0            173.0572
      29.1            185.3679
      29.2            198.1032
      29.3            211.2612
      29.4            224.8406
      29.5            238.8393
      29.6            253.2556
      29.7            268.0877
      29.8            283.3339
      29.9            298.9919
      30.0            315.0596
      30.1            331.5352
      30.2            348.4166
      30.3            365.7011
      30.4            383.3869
      30.5            401.4717
      30.6            419.9531
      30.7            438.8283
      30.8            458.0956
      30.9            477.7518
      31.0            497.7949
      31.1            518.2222
      31.2            539.0305
      31.3            560.2181
      31.4            581.7817
      31.5            603.7191
      31.6            626.0269
      31.7            648.7029
      31.8            671.7440
      31.9            695.1475
      32.0            718.9106
      32.1            743.0297
      32.2            767.5024
      32.3            792.3259
      32.4            817.4974
      32.5            843.0136
      32.6            868.8718
      32.7            895.0688
      32.8            921.6021
      32.9            948.4680
      33.0            975.6638
      33.1           1003.1860
      33.2           1031.0330
      33.3           1059.1990
      33.4           1087.6840
      33.5           1116.4830
      33.6           1145.5940
      33.7           1175.0130
      33.8           1204.7370
      33.9           1234.7640
      34.0           1265.0890
      34.1           1295.7110
      34.2           1326.6250
      34.3           1357.8290
      34.4           1389.3200
      34.5           1421.0940
      34.6           1453.1490
      34.7           1485.4820
      34.8           1518.0890
      34.9           1550.9670
      35.0           1584.1140
      35.1           1617.5250
      35.2           1651.2000
      35.3           1685.1330
      35.4           1719.3220
      35.5           1753.7640
      35.6           1788.4570
      35.7           1823.3970
      35.8           1858.5800
      35.9           1894.0050
      36.0           1929.6680
      36.1           1965.5660
      36.2           2001.6970
      36.3           2038.0570
      36.4           2074.6440
      36.5           2111.4540
      36.6           2148.4850
      36.7           2185.7340
      36.8           2223.1990
      36.9           2260.8750
      37.0           2298.7610
      37.1           2336.8540
      37.2           2375.1500
      37.3           2413.6470
      37.4           2452.3440
      37.5           2491.2350
      37.6           2530.3200
      37.7           2569.5950
      37.8           2609.0590
      37.9           2648.7060
      38.0           2688.5370
      38.1           2728.5470
      38.2           2768.7350
      38.3           2809.0960
      38.4           2849.6310
      38.5           2890.3350
      38.6           2931.2060
      38.7           2972.2410
      38.8           3013.4390
      38.9           3054.7970
      39.0           3096.3120
      39.1           3137.9810
      39.2           3179.8030
      39.3           3221.7750
      39.4           3263.8950
      39.5           3306.1610
      39.6           3348.5700
      39.7           3391.1190
      39.8           3433.8070
      39.9           3476.6320
      40.0           3519.5900

 MIN SSQ IS    4.62  AT A P50 OF  26.2  TORR,GIVING:

  SET #   VIRT PO2    MEAS SAT   KELMAN SAT     DIFF     LN PO2   LN(S/(1-S))
    1       45.88       82.40       82.42       -.02      3.83        1.54
    2       43.49       80.90       79.84       1.06      3.77        1.44
    3       44.01       80.10       80.43       -.33      3.78        1.39
    4       42.49       79.60       78.65        .95      3.75        1.36
    5       51.21       85.60       86.93      -1.33      3.94        1.78
    6       31.22       59.70       60.54       -.84      3.44         .39



  MEAN VALUE OF MEASURED   SAT (X) =      78.1
  MEAN VALUE OF CALCULATED SAT (Y) =      78.1
  STANDARD DEVIATION OF MEASURED   SATURATIONS =       9.2
  STANDARD DEVIATION OF CALCULATED SATURATIONS =       9.1
  SLOPE OF LINEAR REGRESSION LINE =      .979
  Y INTERCEPT OF THIS LINE =     1.744
  CORRELATION COEFFICIENT =      .995

      #      SAMPLE     MEAS SAT (X)   CALC SAT (Y)    BEST FIT Y       DIFF

      1         1          82.40          82.42          82.39           .03
      2         2          80.90          79.84          80.92         -1.08
      3         3          80.10          80.43          80.14           .29
      4         4          79.60          78.65          79.65         -1.00
      5         5          85.60          86.93          85.52          1.41
      6         6          59.70          60.54          60.17           .36



 LINEAR REGRESSION BETWEEN LOG PO2 & LOG(SAT/(1-SAT))

 HILL N IS THE SLOPE; P50 IS EXP(-INTERCEPT/SLOPE)

  MEAN VALUE OF      LOG PO2 (X)     =      3.75
  MEAN VALUE OF LOG(SAT/(1-SAT)) (Y) =      1.32
  STANDARD DEVIATION OF X =       .17
  STANDARD DEVIATION OF Y =       .48
  SLOPE OF LINEAR REGRESSION LINE =     2.870
  Y INTERCEPT OF THIS LINE =    -9.449
  CORRELATION COEFFICIENT =      .994


 #      SAMPLE     LOG PO2 (X)   LOG(SAT/(1-SAT)) (Y)  BEST FIT Y     DIFF

 1         1           3.83           1.54                1.53         .01
 2         2           3.77           1.44                1.38         .06
 3         3           3.78           1.39                1.41        -.02
 4         4           3.75           1.36                1.31         .05
 5         5           3.94           1.78                1.85        -.07
 6         6           3.44            .39                 .43        -.04


 HILL COEFFICIENT =  2.87   P50 =  26.9
