CMS04PR                                 

   % INSP O2    PO2      PCO2        PH    MEAS SAT      HB      HCRIT     TEMP

     21.00     51.00     26.10      7.34     86.40     19.70     67.00    37.00
     21.00     45.00     33.70      7.27     81.60     20.30     71.00    37.00
     21.00     52.00     32.40      7.24     91.30     20.90     71.00    37.00
     21.00     56.00     27.20      7.19     90.10     21.30     72.00    37.00
     21.00     29.00     40.10      7.36     59.70     19.00     65.00    37.00


 P50 CALCS EXCLUDE SATRNS LOWER THAN 10.0  AND HIGHER THAN 90.0



   TRIAL P50       SUM OF SQUARES

      20.0            199.3182
      20.1            189.7403
      20.2            180.3985
      20.3            171.2941
      20.4            162.4286
      20.5            153.8029
      20.6            145.4180
      20.7            137.2749
      20.8            129.3745
      20.9            121.7177
      21.0            114.3052
      21.1            107.1376
      21.2            100.2158
      21.3             93.5400
      21.4             87.1110
      21.5             80.9292
      21.6             74.9951
      21.7             69.3090
      21.8             63.8712
      21.9             58.6819
      22.0             53.7417
      22.1             49.0504
      22.2             44.6082
      22.3             40.4154
      22.4             36.4718
      22.5             32.7776
      22.6             29.3326
      22.7             26.1371
      22.8             23.1906
      22.9             20.4933
      23.0             18.0449
      23.1             15.8451
      23.2             13.8939
      23.3             12.1910
      23.4             10.7360
      23.5              9.5286
      23.6              8.5685
      23.7              7.8554
      23.8              7.3888
      23.9              7.1682
      24.0              7.1933
      24.1              7.4635
      24.2              7.9783
      24.3              8.7371
      24.4              9.7395
      24.5             10.9847
      24.6             12.4723
      24.7             14.2014
      24.8             16.1715
      24.9             18.3818
      25.0             20.8317
      25.1             23.5204
      25.2             26.4470
      25.3             29.6109
      25.4             33.0112
      25.5             36.6469
      25.6             40.5175
      25.7             44.6218
      25.8             48.9590
      25.9             53.5282
      26.0             58.3283
      26.1             63.3585
      26.2             68.6177
      26.3             74.1050
      26.4             79.8193
      26.5             85.7595
      26.6             91.9244
      26.7             98.3132
      26.8            104.9246
      26.9            111.7575
      27.0            118.8108
      27.1            126.0833
      27.2            133.5736
      27.3            141.2810
      27.4            149.2037
      27.5            157.3409
      27.6            165.6911
      27.7            174.2532
      27.8            183.0257
      27.9            192.0075
      28.0            201.1971
      28.1            210.5933
      28.2            220.1947
      28.3            230.0001
      28.4            240.0078
      28.5            250.2167
      28.6            260.6252
      28.7            271.2321
      28.8            282.0358
      28.9            293.0348
      29.0            304.2281
      29.1            315.6137
      29.2            327.1906
      29.3            338.9570
      29.4            350.9112
      29.5            363.0525
      29.6            375.3787
      29.7            387.8884
      29.8            400.5804
      29.9            413.4526
      30.0            426.5042
      30.1            439.7333
      30.2            453.1382
      30.3            466.7176
      30.4            480.4697
      30.5            494.3932
      30.6            508.4863
      30.7            522.7476
      30.8            537.1758
      30.9            551.7686
      31.0            566.5247
      31.1            581.4432
      31.2            596.5215
      31.3            611.7585
      31.4            627.1528
      31.5            642.7024
      31.6            658.4059
      31.7            674.2618
      31.8            690.2687
      31.9            706.4244
      32.0            722.7276
      32.1            739.1764
      32.2            755.7698
      32.3            772.5059
      32.4            789.3829
      32.5            806.3997
      32.6            823.5544
      32.7            840.8459
      32.8            858.2719
      32.9            875.8317
      33.0            893.5228
      33.1            911.3440
      33.2            929.2943
      33.3            947.3708
      33.4            965.5737
      33.5            983.8997
      33.6           1002.3490
      33.7           1020.9190
      33.8           1039.6070
      33.9           1058.4140
      34.0           1077.3380
      34.1           1096.3750
      34.2           1115.5260
      34.3           1134.7890
      34.4           1154.1620
      34.5           1173.6440
      34.6           1193.2340
      34.7           1212.9290
      34.8           1232.7280
      34.9           1252.6310
      35.0           1272.6350
      35.1           1292.7380
      35.2           1312.9410
      35.3           1333.2400
      35.4           1353.6360
      35.5           1374.1250
      35.6           1394.7080
      35.7           1415.3820
      35.8           1436.1460
      35.9           1456.9990
      36.0           1477.9400
      36.1           1498.9660
      36.2           1520.0780
      36.3           1541.2720
      36.4           1562.5480
      36.5           1583.9060
      36.6           1605.3420
      36.7           1626.8580
      36.8           1648.4490
      36.9           1670.1160
      37.0           1691.8580
      37.1           1713.6720
      37.2           1735.5590
      37.3           1757.5150
      37.4           1779.5410
      37.5           1801.6360
      37.6           1823.7960
      37.7           1846.0230
      37.8           1868.3140
      37.9           1890.6690
      38.0           1913.0850
      38.1           1935.5630
      38.2           1958.1000
      38.3           1980.6960
      38.4           2003.3490
      38.5           2026.0590
      38.6           2048.8240
      38.7           2071.6440
      38.8           2094.5160
      38.9           2117.4400
      39.0           2140.4160
      39.1           2163.4410
      39.2           2186.5150
      39.3           2209.6370
      39.4           2232.8060
      39.5           2256.0210
      39.6           2279.2800
      39.7           2302.5830
      39.8           2325.9290
      39.9           2349.3160
      40.0           2372.7440

 MIN SSQ IS    7.17  AT A P50 OF  23.9  TORR,GIVING:

  SET #   VIRT PO2    MEAS SAT   KELMAN SAT     DIFF     LN PO2   LN(S/(1-S))
    1       49.51       86.40       88.89      -2.49      3.90        1.85
    2       40.33       81.60       80.66        .94      3.70        1.49
    3       45.45       91.30       85.90       5.40      3.82        2.35
    4       47.23       90.10       87.32       2.78      3.86        2.21
    5       27.95       59.70       59.38        .32      3.33         .39



  MEAN VALUE OF MEASURED   SAT (X) =      75.9
  MEAN VALUE OF CALCULATED SAT (Y) =      76.3
  STANDARD DEVIATION OF MEASURED   SATURATIONS =      14.2
  STANDARD DEVIATION OF CALCULATED SATURATIONS =      15.2
  SLOPE OF LINEAR REGRESSION LINE =     1.064
  Y INTERCEPT OF THIS LINE =    -4.452
  CORRELATION COEFFICIENT =      .995

      #      SAMPLE     MEAS SAT (X)   CALC SAT (Y)    BEST FIT Y       DIFF

      1         1          86.40          88.89          87.48          1.41
      2         2          81.60          80.66          82.37         -1.71
      3         5          59.70          59.38          59.07           .31



 LINEAR REGRESSION BETWEEN LOG PO2 & LOG(SAT/(1-SAT))

 HILL N IS THE SLOPE; P50 IS EXP(-INTERCEPT/SLOPE)

  MEAN VALUE OF      LOG PO2 (X)     =      3.64
  MEAN VALUE OF LOG(SAT/(1-SAT)) (Y) =      1.24
  STANDARD DEVIATION OF X =       .29
  STANDARD DEVIATION OF Y =       .76
  SLOPE OF LINEAR REGRESSION LINE =     2.598
  Y INTERCEPT OF THIS LINE =    -8.222
  CORRELATION COEFFICIENT =      .993


 #      SAMPLE     LOG PO2 (X)   LOG(SAT/(1-SAT)) (Y)  BEST FIT Y     DIFF

 1         1           3.90           1.85                1.92        -.07
 2         2           3.70           1.49                1.38         .11
 3         5           3.33            .39                 .43        -.04


 HILL COEFFICIENT =  2.60   P50 =  23.7
