CON07                                   

   % INSP O2    PO2      PCO2        PH    MEAS SAT      HB      HCRIT     TEMP

     21.00     44.00     32.00      7.41     83.10     15.80     51.00    37.00
     21.00     44.00     30.50      7.40     80.40     16.00     51.00    37.00
     21.00     43.00     28.80      7.35     77.50     15.60     51.00    37.00
     21.00     44.00     25.60      7.33     77.40     16.30     52.00    37.00
     21.00     45.00     32.40      7.41     81.00     14.60     48.00    37.00


 P50 CALCS EXCLUDE SATRNS LOWER THAN 10.0  AND HIGHER THAN 90.0



   TRIAL P50       SUM OF SQUARES

      20.0            578.0504
      20.1            563.8701
      20.2            549.7371
      20.3            535.6569
      20.4            521.6349
      20.5            507.6773
      20.6            493.7895
      20.7            479.9775
      20.8            466.2471
      20.9            452.6040
      21.0            439.0544
      21.1            425.6042
      21.2            412.2590
      21.3            399.0255
      21.4            385.9095
      21.5            372.9167
      21.6            360.0535
      21.7            347.3263
      21.8            334.7405
      21.9            322.3028
      22.0            310.0192
      22.1            297.8954
      22.2            285.9379
      22.3            274.1523
      22.4            262.5447
      22.5            251.1217
      22.6            239.8884
      22.7            228.8512
      22.8            218.0159
      22.9            207.3884
      23.0            196.9742
      23.1            186.7791
      23.2            176.8092
      23.3            167.0694
      23.4            157.5657
      23.5            148.3033
      23.6            139.2880
      23.7            130.5245
      23.8            122.0183
      23.9            113.7746
      24.0            105.7983
      24.1             98.0947
      24.2             90.6680
      24.3             83.5235
      24.4             76.6657
      24.5             70.0992
      24.6             63.8282
      24.7             57.8572
      24.8             52.1905
      24.9             46.8321
      25.0             41.7859
      25.1             37.0560
      25.2             32.6460
      25.3             28.5597
      25.4             24.8005
      25.5             21.3717
      25.6             18.2768
      25.7             15.5187
      25.8             13.1006
      25.9             11.0253
      26.0              9.2957
      26.1              7.9142
      26.2              6.8836
      26.3              6.2061
      26.4              5.8841
      26.5              5.9196
      26.6              6.3147
      26.7              7.0712
      26.8              8.1909
      26.9              9.6755
      27.0             11.5264
      27.1             13.7451
      27.2             16.3327
      27.3             19.2905
      27.4             22.6195
      27.5             26.3205
      27.6             30.3943
      27.7             34.8417
      27.8             39.6632
      27.9             44.8592
      28.0             50.4300
      28.1             56.3759
      28.2             62.6969
      28.3             69.3930
      28.4             76.4643
      28.5             83.9105
      28.6             91.7311
      28.7             99.9259
      28.8            108.4944
      28.9            117.4357
      29.0            126.7496
      29.1            136.4350
      29.2            146.4912
      29.3            156.9170
      29.4            167.7115
      29.5            178.8735
      29.6            190.4019
      29.7            202.2957
      29.8            214.5529
      29.9            227.1725
      30.0            240.1530
      30.1            253.4924
      30.2            267.1898
      30.3            281.2429
      30.4            295.6499
      30.5            310.4092
      30.6            325.5192
      30.7            340.9776
      30.8            356.7824
      30.9            372.9313
      31.0            389.4228
      31.1            406.2545
      31.2            423.4241
      31.3            440.9295
      31.4            458.7684
      31.5            476.9381
      31.6            495.4369
      31.7            514.2620
      31.8            533.4114
      31.9            552.8817
      32.0            572.6712
      32.1            592.7769
      32.2            613.1965
      32.3            633.9276
      32.4            654.9673
      32.5            676.3132
      32.6            697.9629
      32.7            719.9136
      32.8            742.1619
      32.9            764.7063
      33.0            787.5428
      33.1            810.6698
      33.2            834.0840
      33.3            857.7831
      33.4            881.7638
      33.5            906.0237
      33.6            930.5599
      33.7            955.3696
      33.8            980.4505
      33.9           1005.7990
      34.0           1031.4130
      34.1           1057.2890
      34.2           1083.4250
      34.3           1109.8190
      34.4           1136.4660
      34.5           1163.3640
      34.6           1190.5110
      34.7           1217.9040
      34.8           1245.5390
      34.9           1273.4160
      35.0           1301.5290
      35.1           1329.8780
      35.2           1358.4580
      35.3           1387.2680
      35.4           1416.3050
      35.5           1445.5650
      35.6           1475.0470
      35.7           1504.7480
      35.8           1534.6640
      35.9           1564.7930
      36.0           1595.1330
      36.1           1625.6810
      36.2           1656.4340
      36.3           1687.3900
      36.4           1718.5460
      36.5           1749.9000
      36.6           1781.4490
      36.7           1813.1900
      36.8           1845.1210
      36.9           1877.2400
      37.0           1909.5430
      37.1           1942.0290
      37.2           1974.6950
      37.3           2007.5380
      37.4           2040.5570
      37.5           2073.7480
      37.6           2107.1100
      37.7           2140.6400
      37.8           2174.3340
      37.9           2208.1930
      38.0           2242.2120
      38.1           2276.3910
      38.2           2310.7250
      38.3           2345.2130
      38.4           2379.8540
      38.5           2414.6440
      38.6           2449.5810
      38.7           2484.6640
      38.8           2519.8900
      38.9           2555.2570
      39.0           2590.7610
      39.1           2626.4040
      39.2           2662.1810
      39.3           2698.0910
      39.4           2734.1300
      39.5           2770.2990
      39.6           2806.5940
      39.7           2843.0130
      39.8           2879.5540
      39.9           2916.2160
      40.0           2952.9970

 MIN SSQ IS    5.88  AT A P50 OF  26.4  TORR,GIVING:

  SET #   VIRT PO2    MEAS SAT   KELMAN SAT     DIFF     LN PO2   LN(S/(1-S))
    1       45.01       83.10       81.15       1.95      3.81        1.59
    2       44.72       80.40       80.84       -.44      3.80        1.41
    3       41.88       77.50       77.49        .01      3.73        1.24
    4       42.37       77.40       78.11       -.71      3.75        1.23
    5       45.99       81.00       82.18      -1.18      3.83        1.45



  MEAN VALUE OF MEASURED   SAT (X) =      79.9
  MEAN VALUE OF CALCULATED SAT (Y) =      80.0
  STANDARD DEVIATION OF MEASURED   SATURATIONS =       2.4
  STANDARD DEVIATION OF CALCULATED SATURATIONS =       2.0
  SLOPE OF LINEAR REGRESSION LINE =      .728
  Y INTERCEPT OF THIS LINE =    21.827
  CORRELATION COEFFICIENT =      .868

      #      SAMPLE     MEAS SAT (X)   CALC SAT (Y)    BEST FIT Y       DIFF

      1         1          83.10          81.15          82.30         -1.15
      2         2          80.40          80.84          80.33           .51
      3         3          77.50          77.49          78.22          -.73
      4         4          77.40          78.11          78.15          -.04
      5         5          81.00          82.18          80.77          1.41



 LINEAR REGRESSION BETWEEN LOG PO2 & LOG(SAT/(1-SAT))

 HILL N IS THE SLOPE; P50 IS EXP(-INTERCEPT/SLOPE)

  MEAN VALUE OF      LOG PO2 (X)     =      3.78
  MEAN VALUE OF LOG(SAT/(1-SAT)) (Y) =      1.38
  STANDARD DEVIATION OF X =       .04
  STANDARD DEVIATION OF Y =       .15
  SLOPE OF LINEAR REGRESSION LINE =     3.200
  Y INTERCEPT OF THIS LINE =   -10.724
  CORRELATION COEFFICIENT =      .849


 #      SAMPLE     LOG PO2 (X)   LOG(SAT/(1-SAT)) (Y)  BEST FIT Y     DIFF

 1         1           3.81           1.59                1.46         .13
 2         2           3.80           1.41                1.44        -.03
 3         3           3.73           1.24                1.23         .00
 4         4           3.75           1.23                1.27        -.04
 5         5           3.83           1.45                1.53        -.08


 HILL COEFFICIENT =  3.20   P50 =  28.5
