CON01                                   

   % INSP O2    PO2      PCO2        PH    MEAS SAT      HB      HCRIT     TEMP

     21.00     58.00     19.90      7.42     90.30     15.20     47.00    37.00
     21.00     50.00     23.40      7.31     85.20     15.80     50.00    37.00
     21.00     48.00     25.20      7.37     83.80     16.60     50.00    37.00
     21.00     54.00     22.30      7.30     84.40     16.70     49.00    37.00
     21.00     24.00     45.60      7.37     41.50     13.50     45.00    37.00


 P50 CALCS EXCLUDE SATRNS LOWER THAN 10.0  AND HIGHER THAN 90.0



   TRIAL P50       SUM OF SQUARES

      20.0            515.9969
      20.1            500.6750
      20.2            485.6048
      20.3            470.7845
      20.4            456.2128
      20.5            441.8880
      20.6            427.8087
      20.7            413.9737
      20.8            400.3814
      20.9            387.0306
      21.0            373.9199
      21.1            361.0480
      21.2            348.4143
      21.3            336.0171
      21.4            323.8556
      21.5            311.9287
      21.6            300.2360
      21.7            288.7758
      21.8            277.5479
      21.9            266.5513
      22.0            255.7852
      22.1            245.2492
      22.2            234.9425
      22.3            224.8646
      22.4            215.0152
      22.5            205.3937
      22.6            195.9996
      22.7            186.8329
      22.8            177.8928
      22.9            169.1797
      23.0            160.6929
      23.1            152.4323
      23.2            144.3983
      23.3            136.5902
      23.4            129.0083
      23.5            121.6525
      23.6            114.5230
      23.7            107.6198
      23.8            100.9429
      23.9             94.4927
      24.0             88.2693
      24.1             82.2727
      24.2             76.5034
      24.3             70.9616
      24.4             65.6476
      24.5             60.5616
      24.6             55.7039
      24.7             51.0751
      24.8             46.6753
      24.9             42.5050
      25.0             38.5645
      25.1             34.8543
      25.2             31.3747
      25.3             28.1261
      25.4             25.1090
      25.5             22.3238
      25.6             19.7710
      25.7             17.4508
      25.8             15.3637
      25.9             13.5101
      26.0             11.8905
      26.1             10.5052
      26.2              9.3547
      26.3              8.4392
      26.4              7.7592
      26.5              7.3150
      26.6              7.1070
      26.7              7.1355
      26.8              7.4008
      26.9              7.9031
      27.0              8.6428
      27.1              9.6200
      27.2             10.8351
      27.3             12.2883
      27.4             13.9796
      27.5             15.9093
      27.6             18.0776
      27.7             20.4844
      27.8             23.1300
      27.9             26.0142
      28.0             29.1373
      28.1             32.4991
      28.2             36.0995
      28.3             39.9387
      28.4             44.0164
      28.5             48.3326
      28.6             52.8871
      28.7             57.6796
      28.8             62.7100
      28.9             67.9780
      29.0             73.4833
      29.1             79.2256
      29.2             85.2047
      29.3             91.4199
      29.4             97.8708
      29.5            104.5573
      29.6            111.4787
      29.7            118.6344
      29.8            126.0238
      29.9            133.6467
      30.0            141.5021
      30.1            149.5894
      30.2            157.9081
      30.3            166.4574
      30.4            175.2364
      30.5            184.2443
      30.6            193.4808
      30.7            202.9444
      30.8            212.6346
      30.9            222.5505
      31.0            232.6909
      31.1            243.0553
      31.2            253.6422
      31.3            264.4510
      31.4            275.4806
      31.5            286.7296
      31.6            298.1971
      31.7            309.8821
      31.8            321.7833
      31.9            333.8994
      32.0            346.2296
      32.1            358.7723
      32.2            371.5261
      32.3            384.4901
      32.4            397.6630
      32.5            411.0435
      32.6            424.6301
      32.7            438.4219
      32.8            452.4169
      32.9            466.6141
      33.0            481.0120
      33.1            495.6092
      33.2            510.4046
      33.3            525.3958
      33.4            540.5823
      33.5            555.9622
      33.6            571.5339
      33.7            587.2961
      33.8            603.2476
      33.9            619.3862
      34.0            635.7106
      34.1            652.2195
      34.2            668.9109
      34.3            685.7836
      34.4            702.8359
      34.5            720.0661
      34.6            737.4728
      34.7            755.0543
      34.8            772.8090
      34.9            790.7352
      35.0            808.8315
      35.1            827.0961
      35.2            845.5272
      35.3            864.1235
      35.4            882.8835
      35.5            901.8047
      35.6            920.8865
      35.7            940.1264
      35.8            959.5235
      35.9            979.0757
      36.0            998.7817
      36.1           1018.6390
      36.2           1038.6470
      36.3           1058.8040
      36.4           1079.1080
      36.5           1099.5570
      36.6           1120.1500
      36.7           1140.8850
      36.8           1161.7600
      36.9           1182.7750
      37.0           1203.9270
      37.1           1225.2140
      37.2           1246.6350
      37.3           1268.1890
      37.4           1289.8730
      37.5           1311.6870
      37.6           1333.6290
      37.7           1355.6960
      37.8           1377.8880
      37.9           1400.2030
      38.0           1422.6390
      38.1           1445.1950
      38.2           1467.8690
      38.3           1490.6600
      38.4           1513.5670
      38.5           1536.5860
      38.6           1559.7180
      38.7           1582.9610
      38.8           1606.3120
      38.9           1629.7710
      39.0           1653.3370
      39.1           1677.0070
      39.2           1700.7800
      39.3           1724.6560
      39.4           1748.6310
      39.5           1772.7060
      39.6           1796.8780
      39.7           1821.1460
      39.8           1845.5090
      39.9           1869.9640
      40.0           1894.5130

 MIN SSQ IS    7.11  AT A P50 OF  26.6  TORR,GIVING:

  SET #   VIRT PO2    MEAS SAT   KELMAN SAT     DIFF     LN PO2   LN(S/(1-S))
    1       61.61       90.30       91.86      -1.56      4.12        2.23
    2       47.53       85.20       83.32       1.88      3.86        1.75
    3       48.00       83.80       83.76        .04      3.87        1.64
    4       51.01       84.40       86.22      -1.82      3.93        1.69
    5       23.16       41.50       42.00       -.50      3.14        -.34



  MEAN VALUE OF MEASURED   SAT (X) =      73.7
  MEAN VALUE OF CALCULATED SAT (Y) =      73.8
  STANDARD DEVIATION OF MEASURED   SATURATIONS =      21.5
  STANDARD DEVIATION OF CALCULATED SATURATIONS =      21.3
  SLOPE OF LINEAR REGRESSION LINE =      .986
  Y INTERCEPT OF THIS LINE =     1.099
  CORRELATION COEFFICIENT =      .997

      #      SAMPLE     MEAS SAT (X)   CALC SAT (Y)    BEST FIT Y       DIFF

      1         2          85.20          83.32          85.14         -1.83
      2         3          83.80          83.76          83.76          -.00
      3         4          84.40          86.22          84.36          1.87
      4         5          41.50          42.00          42.04          -.03



 LINEAR REGRESSION BETWEEN LOG PO2 & LOG(SAT/(1-SAT))

 HILL N IS THE SLOPE; P50 IS EXP(-INTERCEPT/SLOPE)

  MEAN VALUE OF      LOG PO2 (X)     =      3.70
  MEAN VALUE OF LOG(SAT/(1-SAT)) (Y) =      1.18
  STANDARD DEVIATION OF X =       .37
  STANDARD DEVIATION OF Y =      1.02
  SLOPE OF LINEAR REGRESSION LINE =     2.711
  Y INTERCEPT OF THIS LINE =    -8.852
  CORRELATION COEFFICIENT =      .995


 #      SAMPLE     LOG PO2 (X)   LOG(SAT/(1-SAT)) (Y)  BEST FIT Y     DIFF

 1         2           3.86           1.75                1.62         .13
 2         3           3.87           1.64                1.64         .00
 3         4           3.93           1.69                1.81        -.12
 4         5           3.14           -.34                -.33        -.01


 HILL COEFFICIENT =  2.71   P50 =  26.2
