CMS02PO.txt
    6
     21.00     46.00     30.70      7.38     82.40     16.00     54.00    37.00
     21.00     45.00     32.80      7.35     80.90     16.50     55.00    37.00
     21.00     46.00     33.30      7.34     80.10     16.60     57.00    37.00
     21.00     46.00     32.40      7.30     79.60     16.80     57.00    37.00
     21.00     55.00     24.30      7.29     85.60     17.30     57.00    37.00
     21.00     32.00     38.10      7.37     59.70     16.20     54.00    37.00


CMS02PR.txt
    5
     21.00     50.00     25.60      7.32     86.40     19.20     71.00    37.00
     21.00     53.00     26.30      7.31     94.40     20.00     71.00    37.00
     21.00     54.00     27.20      7.26     93.00     20.60     72.00    37.00
     21.00     55.00     24.60      7.18     85.00     20.50     73.00    37.00
     21.00     41.00     34.30      7.36     79.10     19.90     70.00    37.00


CMS03PO.txt
    6
     21.00     40.00     33.40      7.33     74.70     17.30     56.00    37.00
     21.00     41.00     32.50      7.36     75.80     17.20     56.00    37.00
     21.00     38.00     31.80      7.34     76.00     17.80     57.00    37.00
     21.00     45.00     28.50      7.34     78.70     18.20     58.00    37.00
     21.00     48.00     26.00      7.34     82.00     18.60     59.00    37.00
     21.00     35.00     40.00      7.29     68.40     18.40     61.00    37.00


CMS03PR.txt
    5
     21.00     40.00     28.70      7.34     80.00     19.70     71.00    37.00
     21.00     45.00     31.20      7.34     87.50     21.00     71.00    37.00
     21.00     47.00     24.00      7.30     89.50     21.30     72.00    37.00
     21.00     48.00     23.60      7.29     92.00     21.50     71.00    37.00
     21.00     40.00     37.70      7.29     74.90     20.60     69.00    37.00


CMS04PO.txt
    6
     21.00     47.00     27.80      7.43     83.70     15.70     51.00    37.00
     21.00     48.00     27.70      7.41     84.70     16.30     53.00    37.00
     21.00     50.00     29.00      7.38     83.90     16.30     53.00    37.00
     21.00     53.00     26.80      7.36     84.60     16.80     55.00    37.00
     21.00     55.00     22.60      7.31     84.60     17.20     55.00    37.00
     21.00     40.00     34.50      7.39     75.20     16.60     54.00    37.00


CMS04PR.txt
    5
     21.00     51.00     26.10      7.34     86.40     19.70     67.00    37.00
     21.00     45.00     33.70      7.27     81.60     20.30     71.00    37.00
     21.00     52.00     32.40      7.24     91.30     20.90     71.00    37.00
     21.00     56.00     27.20      7.19     90.10     21.30     72.00    37.00
     21.00     29.00     40.10      7.36     59.70     19.00     65.00    37.00


CMS05PO.txt
    6
     21.00     51.00     28.30      7.39     86.50     16.10     54.00    37.00
     21.00     45.00     32.70      7.37     79.80     16.30     55.00    37.00
     21.00     46.00     32.40      7.35     79.70     16.50     54.00    37.00
     21.00     46.00     27.90      7.31     79.20     16.30     54.00    37.00
     21.00     47.00     26.00      7.27     78.50     16.40     54.00    37.00
     21.00     24.00     49.70      7.33     42.00     17.00     58.00    37.00


CMS05PR.txt
    5
     21.00     43.00     32.30      7.35     80.40     19.80     67.00    37.00
     21.00     47.00     31.50      7.31     82.30     20.20     66.00    37.00
     21.00     45.00     31.70      7.31     81.40     20.20     68.00    37.00
     21.00     49.00     26.20      7.30     83.40     20.80     68.00    37.00
     21.00     34.00     39.90      7.35     68.90     19.10     65.00    37.00


CMS06PO.txt
    6
     21.00     45.00     32.50      7.38     81.20     16.40     53.00    37.00
     21.00     38.00     34.10      7.36     72.10     16.50     55.00    37.00
     21.00     36.00     36.20      7.38     69.30     17.10     55.00    37.00
     21.00     41.00     31.90      7.36     76.70     17.20     57.00    37.00
     21.00     45.00     26.20      7.38     77.60     17.10     57.00    37.00
     21.00     48.00     33.70      7.41     84.40     16.00     53.00    37.00


CMS06PR.txt
    5
     21.00     42.00     35.20      7.33     78.30     19.50     64.00    37.00
     21.00     37.00     37.60      7.33     68.40     19.60     66.00    37.00
     21.00     38.00     32.60      7.34     72.90     19.60     66.00    37.00
     21.00     42.00     29.40      7.30     74.30     20.10     66.00    37.00
     21.00     41.00     39.40      7.35     74.70     19.10     64.00    37.00


CMS07PO.txt
    6
     21.00     49.00     29.60      7.38     86.00     15.20     52.00    37.00
     21.00     50.00     31.60      7.35     84.40     15.90     51.00    37.00
     21.00     51.00     25.60      7.34     85.40     15.80     53.00    37.00
     21.00     51.00     23.80      7.31     83.40     16.30     52.00    37.00
     21.00     50.00     23.40      7.27     81.00     16.60     53.00    37.00
     21.00     42.00     31.90      7.39     78.90     14.70     48.00    37.00


CMS07PR.txt
    5
     21.00     48.00     26.00      7.36     84.60     18.60     61.00    37.00
     21.00     45.00     26.40      7.35     81.40     19.20     62.00    37.00
     21.00     48.00     24.20      7.29     80.40     19.30     63.00    37.00
     21.00     47.00     23.60      7.27     78.30     19.80     63.00    37.00
     21.00     44.00     29.70      7.34     83.90     17.90     59.00    37.00


CON01.txt
    5
     21.00     58.00     19.90      7.42     90.30     15.20     47.00    37.00
     21.00     50.00     23.40      7.31     85.20     15.80     50.00    37.00
     21.00     48.00     25.20      7.37     83.80     16.60     50.00    37.00
     21.00     54.00     22.30      7.30     84.40     16.70     49.00    37.00
     21.00     24.00     45.60      7.37     41.50     13.50     45.00    37.00


CON02.txt
    5
     21.00     56.00     27.10      7.30     88.80     17.10     47.00    37.00
     21.00     48.00     30.60      7.28     84.50     17.50     56.00    37.00
     21.00     49.00     29.60      7.24     81.40     18.90     55.00    37.00
     21.00     49.00     26.30      7.20     80.60     18.00     58.00    37.00
     21.00     40.00     37.50      7.36     74.50     16.90     53.00    37.00


CON03.txt
    5
     21.00     44.00     25.10      7.43     84.10     16.00     49.00    37.00
     21.00     47.00     24.90      7.38     84.00     16.50     52.00    37.00
     21.00     45.00     24.40      7.36     83.80     16.30     53.00    37.00
     21.00     47.00     21.50      7.31     81.50     17.20     53.00    37.00
     21.00     37.00     29.20      7.40     76.80     15.20     50.00    37.00


CON04.txt
    5
     21.00     51.00     25.00      7.39     88.40     17.30     57.00    37.00
     21.00     50.00     23.40      7.40     85.80     17.10     60.00    37.00
     21.00     52.00     20.00      7.40     85.30     18.00     56.00    37.00
     21.00     54.00     17.80      7.39     84.90     17.50     53.00    37.00
     21.00     44.00     26.50      7.40     80.00     14.80     50.00    37.00


CON06.txt
    5
     21.00     44.00     31.80      7.39     80.60     17.40     57.00    37.00
     21.00     47.00     31.50      7.36     82.70     17.30     57.00    37.00
     21.00     45.00     30.00      7.36     82.10     17.90     57.00    37.00
     21.00     50.00     26.00      7.30     82.50     18.50     57.00    37.00
     21.00     38.00     39.90      7.39     72.80     17.40     57.00    37.00


CON07.txt
    5
     21.00     44.00     32.00      7.41     83.10     15.80     51.00    37.00
     21.00     44.00     30.50      7.40     80.40     16.00     51.00    37.00
     21.00     43.00     28.80      7.35     77.50     15.60     51.00    37.00
     21.00     44.00     25.60      7.33     77.40     16.30     52.00    37.00
     21.00     45.00     32.40      7.41     81.00     14.60     48.00    37.00


CON08.txt
    5
     21.00     45.00     33.30      7.40     83.60     16.60     55.00    37.00
     21.00     40.00     35.00      7.37     86.00     17.10     54.00    37.00
     21.00     43.00     34.70      7.30     75.30     17.70     54.00    37.00
     21.00     47.00     26.90      7.26     78.00     17.90     56.00    37.00
     21.00     38.00     37.40      7.37     72.20     16.80     54.00    37.00


CON09.txt
    5
     21.00     47.00     30.10      7.39     82.70     17.70     52.00    37.00
     21.00     52.00     30.20      7.31     85.10     18.80     59.00    37.00
     21.00     58.00     21.30      7.28     85.20     18.80     60.00    37.00
     21.00     49.00     22.00      7.17     82.40     19.20     60.00    37.00
     21.00     38.00     37.80      7.39     71.80     16.80     55.00    37.00


