CMS05PR                                                     

   % INSP O2    PO2      PCO2        PH    MEAS SAT      HB      HCRIT     TEMP

     21.00     43.00     32.30      7.35     80.40     19.80     67.00    36.30
     21.00     47.00     31.50      7.31     82.30     20.20     66.00    36.40
     21.00     45.00     31.70      7.31     81.40     20.20     68.00    36.40
     21.00     49.00     26.20      7.30     83.40     20.80     68.00    36.40
     21.00     34.00     39.90      7.35     68.90     19.10     65.00    36.30



   TRIAL P50       SUM OF SQUARES

      15.0           1280.1250
      15.1           1265.1890
      15.2           1250.1470
      15.3           1235.0010
      15.4           1219.7540
      15.5           1204.4090
      15.6           1188.9690
      15.7           1173.4370
      15.8           1157.8160
      15.9           1142.1100
      16.0           1126.3230
      16.1           1110.4580
      16.2           1094.5190
      16.3           1078.5100
      16.4           1062.4360
      16.5           1046.2990
      16.6           1030.1050
      16.7           1013.8580
      16.8            997.5626
      16.9            981.2231
      17.0            964.8446
      17.1            948.4313
      17.2            931.9890
      17.3            915.5215
      17.4            899.0345
      17.5            882.5338
      17.6            866.0233
      17.7            849.5093
      17.8            832.9968
      17.9            816.4908
      18.0            799.9977
      18.1            783.5225
      18.2            767.0706
      18.3            750.6483
      18.4            734.2608
      18.5            717.9138
      18.6            701.6133
      18.7            685.3651
      18.8            669.1749
      18.9            653.0489
      19.0            636.9923
      19.1            621.0119
      19.2            605.1130
      19.3            589.3018
      19.4            573.5839
      19.5            557.9655
      19.6            542.4531
      19.7            527.0516
      19.8            511.7677
      19.9            496.6069
      20.0            481.5753
      20.1            466.6787
      20.2            451.9229
      20.3            437.3141
      20.4            422.8578
      20.5            408.5599
      20.6            394.4264
      20.7            380.4624
      20.8            366.6741
      20.9            353.0670
      21.0            339.6466
      21.1            326.4186
      21.2            313.3885
      21.3            300.5619
      21.4            287.9438
      21.5            275.5397
      21.6            263.3549
      21.7            251.3947
      21.8            239.6642
      21.9            228.1684
      22.0            216.9124
      22.1            205.9012
      22.2            195.1396
      22.3            184.6325
      22.4            174.3844
      22.5            164.4002
      22.6            154.6844
      22.7            145.2416
      22.8            136.0759
      22.9            127.1919
      23.0            118.5937
      23.1            110.2854
      23.2            102.2713
      23.3             94.5552
      23.4             87.1410
      23.5             80.0324
      23.6             73.2332
      23.7             66.7470
      23.8             60.5775
      23.9             54.7276
      24.0             49.2010
      24.1             44.0008
      24.2             39.1302
      24.3             34.5921
      24.4             30.3895
      24.5             26.5251
      24.6             23.0016
      24.7             19.8218
      24.8             16.9880
      24.9             14.5026
      25.0             12.3681
      25.1             10.5865
      25.2              9.1599
      25.3              8.0904
      25.4              7.3798
      25.5              7.0300
      25.6              7.0425
      25.7              7.4189
      25.8              8.1607
      25.9              9.2694
      26.0             10.7461
      26.1             12.5920
      26.2             14.8082
      26.3             17.3956
      26.4             20.3551
      26.5             23.6875
      26.6             27.3934
      26.7             31.4735
      26.8             35.9281
      26.9             40.7576
      27.0             45.9624
      27.1             51.5426
      27.2             57.4983
      27.3             63.8295
      27.4             70.5361
      27.5             77.6179
      27.6             85.0748
      27.7             92.9063
      27.8            101.1119
      27.9            109.6913
      28.0            118.6436
      28.1            127.9685
      28.2            137.6647
      28.3            147.7320
      28.4            158.1690
      28.5            168.9749
      28.6            180.1485
      28.7            191.6888
      28.8            203.5947
      28.9            215.8644
      29.0            228.4973
      29.1            241.4914
      29.2            254.8454
      29.3            268.5579
      29.4            282.6273
      29.5            297.0518
      29.6            311.8296
      29.7            326.9590
      29.8            342.4385
      29.9            358.2658
      30.0            374.4391
      30.1            390.9565
      30.2            407.8159
      30.3            425.0155
      30.4            442.5528
      30.5            460.4257
      30.6            478.6324
      30.7            497.1701
      30.8            516.0370
      30.9            535.2306
      31.0            554.7486
      31.1            574.5884
      31.2            594.7482
      31.3            615.2249
      31.4            636.0165
      31.5            657.1199
      31.6            678.5333
      31.7            700.2541
      31.8            722.2794
      31.9            744.6067
      32.0            767.2335
      32.1            790.1564
      32.2            813.3738
      32.3            836.8827
      32.4            860.6805
      32.5            884.7644
      32.6            909.1318
      32.7            933.7802
      32.8            958.7070
      32.9            983.9086
      33.0           1009.3830
      33.1           1035.1280
      33.2           1061.1400
      33.3           1087.4160
      33.4           1113.9540
      33.5           1140.7510
      33.6           1167.8040
      33.7           1195.1100
      33.8           1222.6680
      33.9           1250.4740
      34.0           1278.5240
      34.1           1306.8180
      34.2           1335.3510
      34.3           1364.1210
      34.4           1393.1250
      34.5           1422.3620
      34.6           1451.8270
      34.7           1481.5180
      34.8           1511.4330
      34.9           1541.5690
      35.0           1571.9220
      35.1           1602.4920
      35.2           1633.2740
      35.3           1664.2660
      35.4           1695.4660
      35.5           1726.8710
      35.6           1758.4770
      35.7           1790.2850
      35.8           1822.2880
      35.9           1854.4870
      36.0           1886.8770
      36.1           1919.4580
      36.2           1952.2250
      36.3           1985.1760
      36.4           2018.3090
      36.5           2051.6210
      36.6           2085.1110
      36.7           2118.7750
      36.8           2152.6110
      36.9           2186.6170
      37.0           2220.7900
      37.1           2255.1280
      37.2           2289.6280
      37.3           2324.2890
      37.4           2359.1060
      37.5           2394.0810
      37.6           2429.2080
      37.7           2464.4860
      37.8           2499.9120
      37.9           2535.4850
      38.0           2571.2020
      38.1           2607.0620
      38.2           2643.0610
      38.3           2679.1970
      38.4           2715.4690
      38.5           2751.8750
      38.6           2788.4110
      38.7           2825.0770
      38.8           2861.8700
      38.9           2898.7880
      39.0           2935.8280
      39.1           2972.9900
      39.2           3010.2700
      39.3           3047.6680
      39.4           3085.1800
      39.5           3122.8050
      39.6           3160.5420
      39.7           3198.3880
      39.8           3236.3410
      39.9           3274.3990
      40.0           3312.5610

 MIN SSQ IS    7.03  AT A P50 OF  25.5  TORR,GIVING:

  SET #   VIRT PO2    MEAS SAT   KELMAN SAT     DIFF     LN PO2   LN(S/(1-S))
    1       43.32       80.40       80.98       -.58      3.77        1.41
    2       45.37       82.30       83.13       -.83      3.81        1.54
    3       43.46       81.40       81.14        .26      3.77        1.48
    4       47.60       83.40       85.17      -1.77      3.86        1.61
    5       33.88       68.90       67.23       1.67      3.52         .80



  MEAN VALUE OF MEASURED   SAT (X) =      79.3
  MEAN VALUE OF CALCULATED SAT (Y) =      79.5
  STANDARD DEVIATION OF MEASURED   SATURATIONS =       5.9
  STANDARD DEVIATION OF CALCULATED SATURATIONS =       7.1
  SLOPE OF LINEAR REGRESSION LINE =     1.195
  Y INTERCEPT OF THIS LINE =   -15.240
  CORRELATION COEFFICIENT =      .997

      #      SAMPLE     MEAS SAT (X)   CALC SAT (Y)    BEST FIT Y       DIFF

      1         1          80.40          80.98          80.87           .11
      2         2          82.30          83.13          83.14          -.00
      3         3          81.40          81.14          82.06          -.93
      4         4          83.40          85.17          84.45           .72
      5         5          68.90          67.23          67.12           .11



 LINEAR REGRESSION BETWEEN LOG PO2 & LOG(SAT/(1-SAT))

 HILL N IS THE SLOPE; P50 IS EXP(-INTERCEPT/SLOPE)

  MEAN VALUE OF      LOG PO2 (X)     =      3.75
  MEAN VALUE OF LOG(SAT/(1-SAT)) (Y) =      1.37
  STANDARD DEVIATION OF X =       .13
  STANDARD DEVIATION OF Y =       .33
  SLOPE OF LINEAR REGRESSION LINE =     2.480
  Y INTERCEPT OF THIS LINE =    -7.928
  CORRELATION COEFFICIENT =      .995


 #      SAMPLE     LOG PO2 (X)   LOG(SAT/(1-SAT)) (Y)  BEST FIT Y     DIFF

 1         1           3.77           1.41                1.42        -.00
 2         2           3.81           1.54                1.53         .00
 3         3           3.77           1.48                1.43         .05
 4         4           3.86           1.61                1.65        -.04
 5         5           3.52            .80                 .81        -.01


 HILL COEFFICIENT =  2.48   P50 =  24.5
