CMS07PR                                                     

   % INSP O2    PO2      PCO2        PH    MEAS SAT      HB      HCRIT     TEMP

     21.00     48.00     26.00      7.36     84.60     18.60     61.00    36.70
     21.00     45.00     26.40      7.35     81.40     19.20     62.00    37.00
     21.00     48.00     24.20      7.29     80.40     19.30     63.00    37.20
     21.00     47.00     23.60      7.27     78.30     19.80     63.00    37.40
     21.00     44.00     29.70      7.34     83.90     17.90     59.00    36.70



   TRIAL P50       SUM OF SQUARES

      15.0            994.2259
      15.1            984.1795
      15.2            974.0490
      15.3            963.8345
      15.4            953.5371
      15.5            943.1577
      15.6            932.6968
      15.7            922.1555
      15.8            911.5352
      15.9            900.8362
      16.0            890.0604
      16.1            879.2087
      16.2            868.2828
      16.3            857.2842
      16.4            846.2140
      16.5            835.0737
      16.6            823.8661
      16.7            812.5918
      16.8            801.2538
      16.9            789.8535
      17.0            778.3933
      17.1            766.8753
      17.2            755.3022
      17.3            743.6755
      17.4            731.9991
      17.5            720.2753
      17.6            708.5060
      17.7            696.6949
      17.8            684.8450
      17.9            672.9592
      18.0            661.0408
      18.1            649.0927
      18.2            637.1186
      18.3            625.1222
      18.4            613.1069
      18.5            601.0768
      18.6            589.0350
      18.7            576.9861
      18.8            564.9340
      18.9            552.8825
      19.0            540.8362
      19.1            528.7992
      19.2            516.7759
      19.3            504.7708
      19.4            492.7886
      19.5            480.8343
      19.6            468.9120
      19.7            457.0268
      19.8            445.1839
      19.9            433.3879
      20.0            421.6441
      20.1            409.9573
      20.2            398.3333
      20.3            386.7770
      20.4            375.2937
      20.5            363.8889
      20.6            352.5679
      20.7            341.3362
      20.8            330.1996
      20.9            319.1632
      21.0            308.2331
      21.1            297.4145
      21.2            286.7131
      21.3            276.1349
      21.4            265.6853
      21.5            255.3702
      21.6            245.1952
      21.7            235.1662
      21.8            225.2888
      21.9            215.5687
      22.0            206.0117
      22.1            196.6235
      22.2            187.4099
      22.3            178.3764
      22.4            169.5285
      22.5            160.8725
      22.6            152.4134
      22.7            144.1567
      22.8            136.1083
      22.9            128.2736
      23.0            120.6577
      23.1            113.2663
      23.2            106.1046
      23.3             99.1778
      23.4             92.4911
      23.5             86.0497
      23.6             79.8586
      23.7             73.9227
      23.8             68.2470
      23.9             62.8362
      24.0             57.6951
      24.1             52.8284
      24.2             48.2404
      24.3             43.9357
      24.4             39.9187
      24.5             36.1936
      24.6             32.7646
      24.7             29.6357
      24.8             26.8108
      24.9             24.2938
      25.0             22.0885
      25.1             20.1984
      25.2             18.6271
      25.3             17.3778
      25.4             16.4540
      25.5             15.8589
      25.6             15.5953
      25.7             15.6663
      25.8             16.0747
      25.9             16.8231
      26.0             17.9141
      26.1             19.3502
      26.2             21.1336
      26.3             23.2666
      26.4             25.7514
      26.5             28.5897
      26.6             31.7836
      26.7             35.3348
      26.8             39.2447
      26.9             43.5149
      27.0             48.1468
      27.1             53.1417
      27.2             58.5007
      27.3             64.2246
      27.4             70.3147
      27.5             76.7714
      27.6             83.5958
      27.7             90.7880
      27.8             98.3489
      27.9            106.2784
      28.0            114.5772
      28.1            123.2452
      28.2            132.2823
      28.3            141.6887
      28.4            151.4641
      28.5            161.6084
      28.6            172.1209
      28.7            183.0015
      28.8            194.2494
      28.9            205.8640
      29.0            217.8448
      29.1            230.1906
      29.2            242.9008
      29.3            255.9744
      29.4            269.4101
      29.5            283.2071
      29.6            297.3639
      29.7            311.8792
      29.8            326.7519
      29.9            341.9800
      30.0            357.5628
      30.1            373.4980
      30.2            389.7843
      30.3            406.4198
      30.4            423.4033
      30.5            440.7323
      30.6            458.4051
      30.7            476.4198
      30.8            494.7748
      30.9            513.4675
      31.0            532.4962
      31.1            551.8586
      31.2            571.5522
      31.3            591.5758
      31.4            611.9255
      31.5            632.6008
      31.6            653.5984
      31.7            674.9161
      31.8            696.5511
      31.9            718.5018
      32.0            740.7653
      32.1            763.3383
      32.2            786.2193
      32.3            809.4054
      32.4            832.8943
      32.5            856.6833
      32.6            880.7695
      32.7            905.1508
      32.8            929.8236
      32.9            954.7871
      33.0            980.0366
      33.1           1005.5710
      33.2           1031.3870
      33.3           1057.4810
      33.4           1083.8510
      33.5           1110.4950
      33.6           1137.4090
      33.7           1164.5920
      33.8           1192.0390
      33.9           1219.7480
      34.0           1247.7170
      34.1           1275.9440
      34.2           1304.4240
      34.3           1333.1560
      34.4           1362.1360
      34.5           1391.3620
      34.6           1420.8320
      34.7           1450.5420
      34.8           1480.4890
      34.9           1510.6720
      35.0           1541.0870
      35.1           1571.7300
      35.2           1602.6020
      35.3           1633.6970
      35.4           1665.0130
      35.5           1696.5490
      35.6           1728.3010
      35.7           1760.2650
      35.8           1792.4410
      35.9           1824.8250
      36.0           1857.4150
      36.1           1890.2070
      36.2           1923.1990
      36.3           1956.3900
      36.4           1989.7750
      36.5           2023.3540
      36.6           2057.1220
      36.7           2091.0780
      36.8           2125.2190
      36.9           2159.5420
      37.0           2194.0460
      37.1           2228.7280
      37.2           2263.5840
      37.3           2298.6130
      37.4           2333.8140
      37.5           2369.1810
      37.6           2404.7150
      37.7           2440.4120
      37.8           2476.2690
      37.9           2512.2850
      38.0           2548.4580
      38.1           2584.7840
      38.2           2621.2620
      38.3           2657.8890
      38.4           2694.6650
      38.5           2731.5850
      38.6           2768.6480
      38.7           2805.8520
      38.8           2843.1940
      38.9           2880.6730
      39.0           2918.2860
      39.1           2956.0320
      39.2           2993.9070
      39.3           3031.9110
      39.4           3070.0420
      39.5           3108.2950
      39.6           3146.6710
      39.7           3185.1670
      39.8           3223.7810
      39.9           3262.5100
      40.0           3301.3540

 MIN SSQ IS   15.60  AT A P50 OF  25.6  TORR,GIVING:

  SET #   VIRT PO2    MEAS SAT   KELMAN SAT     DIFF     LN PO2   LN(S/(1-S))
    1       48.14       84.60       85.46       -.86      3.87        1.70
    2       44.02       81.40       81.56       -.16      3.78        1.48
    3       44.33       80.40       81.90      -1.50      3.79        1.41
    4       42.25       78.30       79.55      -1.25      3.74        1.28
    5       43.13       83.90       80.58       3.32      3.76        1.65



  MEAN VALUE OF MEASURED   SAT (X) =      81.7
  MEAN VALUE OF CALCULATED SAT (Y) =      81.8
  STANDARD DEVIATION OF MEASURED   SATURATIONS =       2.6
  STANDARD DEVIATION OF CALCULATED SATURATIONS =       2.2
  SLOPE OF LINEAR REGRESSION LINE =      .584
  Y INTERCEPT OF THIS LINE =    34.103
  CORRELATION COEFFICIENT =      .673

      #      SAMPLE     MEAS SAT (X)   CALC SAT (Y)    BEST FIT Y       DIFF

      1         1          84.60          85.46          83.49          1.97
      2         2          81.40          81.56          81.62          -.06
      3         3          80.40          81.90          81.04           .86
      4         4          78.30          79.55          79.81          -.26
      5         5          83.90          80.58          83.08         -2.50



 LINEAR REGRESSION BETWEEN LOG PO2 & LOG(SAT/(1-SAT))

 HILL N IS THE SLOPE; P50 IS EXP(-INTERCEPT/SLOPE)

  MEAN VALUE OF      LOG PO2 (X)     =      3.79
  MEAN VALUE OF LOG(SAT/(1-SAT)) (Y) =      1.51
  STANDARD DEVIATION OF X =       .05
  STANDARD DEVIATION OF Y =       .17
  SLOPE OF LINEAR REGRESSION LINE =     2.348
  Y INTERCEPT OF THIS LINE =    -7.396
  CORRELATION COEFFICIENT =      .675


 #      SAMPLE     LOG PO2 (X)   LOG(SAT/(1-SAT)) (Y)  BEST FIT Y     DIFF

 1         1           3.87           1.70                1.70         .00
 2         2           3.78           1.48                1.49        -.01
 3         3           3.79           1.41                1.51        -.09
 4         4           3.74           1.28                1.39        -.11
 5         5           3.76           1.65                1.44         .21


 HILL COEFFICIENT =  2.35   P50 =  23.3
