CMS07PO                                                     

   % INSP O2    PO2      PCO2        PH    MEAS SAT      HB      HCRIT     TEMP

     21.00     49.00     29.60      7.38     86.00     15.20     52.00    36.40
     21.00     50.00     31.60      7.35     84.40     15.90     51.00    36.40
     21.00     51.00     25.60      7.34     85.40     15.80     53.00    36.50
     21.00     51.00     23.80      7.31     83.40     16.30     52.00    36.50
     21.00     50.00     23.40      7.27     81.00     16.60     53.00    36.50
     21.00     42.00     31.90      7.39     78.90     14.70     48.00    36.40



   TRIAL P50       SUM OF SQUARES

      15.0           1090.8740
      15.1           1081.9030
      15.2           1072.8560
      15.3           1063.7330
      15.4           1054.5340
      15.5           1045.2590
      15.6           1035.9090
      15.7           1026.4820
      15.8           1016.9810
      15.9           1007.4040
      16.0            997.7538
      16.1            988.0287
      16.2            978.2302
      16.3            968.3590
      16.4            958.4149
      16.5            948.3991
      16.6            938.3123
      16.7            928.1554
      16.8            917.9291
      16.9            907.6339
      17.0            897.2713
      17.1            886.8427
      17.2            876.3480
      17.3            865.7892
      17.4            855.1674
      17.5            844.4843
      17.6            833.7407
      17.7            822.9379
      17.8            812.0786
      17.9            801.1635
      18.0            790.1940
      18.1            779.1729
      18.2            768.1016
      18.3            756.9818
      18.4            745.8154
      18.5            734.6050
      18.6            723.3524
      18.7            712.0604
      18.8            700.7307
      18.9            689.3662
      19.0            677.9692
      19.1            666.5423
      19.2            655.0883
      19.3            643.6096
      19.4            632.1095
      19.5            620.5907
      19.6            609.0562
      19.7            597.5091
      19.8            585.9528
      19.9            574.3903
      20.0            562.8250
      20.1            551.2605
      20.2            539.6996
      20.3            528.1467
      20.4            516.6050
      20.5            505.0787
      20.6            493.5707
      20.7            482.0857
      20.8            470.6272
      20.9            459.1996
      21.0            447.8065
      21.1            436.4521
      21.2            425.1410
      21.3            413.8771
      21.4            402.6649
      21.5            391.5087
      21.6            380.4129
      21.7            369.3821
      21.8            358.4206
      21.9            347.5334
      22.0            336.7249
      22.1            325.9998
      22.2            315.3629
      22.3            304.8186
      22.4            294.3722
      22.5            284.0283
      22.6            273.7917
      22.7            263.6674
      22.8            253.6604
      22.9            243.7755
      23.0            234.0175
      23.1            224.3918
      23.2            214.9030
      23.3            205.5564
      23.4            196.3566
      23.5            187.3091
      23.6            178.4186
      23.7            169.6902
      23.8            161.1287
      23.9            152.7393
      24.0            144.5272
      24.1            136.4970
      24.2            128.6538
      24.3            121.0025
      24.4            113.5480
      24.5            106.2952
      24.6             99.2490
      24.7             92.4143
      24.8             85.7957
      24.9             79.3979
      25.0             73.2259
      25.1             67.2841
      25.2             61.5773
      25.3             56.1100
      25.4             50.8868
      25.5             45.9119
      25.6             41.1901
      25.7             36.7254
      25.8             32.5223
      25.9             28.5850
      26.0             24.9177
      26.1             21.5243
      26.2             18.4091
      26.3             15.5759
      26.4             13.0285
      26.5             10.7710
      26.6              8.8068
      26.7              7.1397
      26.8              5.7733
      26.9              4.7110
      27.0              3.9563
      27.1              3.5125
      27.2              3.3828
      27.3              3.5703
      27.4              4.0781
      27.5              4.9093
      27.6              6.0665
      27.7              7.5527
      27.8              9.3706
      27.9             11.5226
      28.0             14.0114
      28.1             16.8393
      28.2             20.0088
      28.3             23.5218
      28.4             27.3808
      28.5             31.5875
      28.6             36.1441
      28.7             41.0522
      28.8             46.3138
      28.9             51.9304
      29.0             57.9035
      29.1             64.2348
      29.2             70.9254
      29.3             77.9765
      29.4             85.3895
      29.5             93.1656
      29.6            101.3055
      29.7            109.8102
      29.8            118.6804
      29.9            127.9170
      30.0            137.5206
      30.1            147.4916
      30.2            157.8305
      30.3            168.5376
      30.4            179.6132
      30.5            191.0575
      30.6            202.8706
      30.7            215.0526
      30.8            227.6034
      30.9            240.5227
      31.0            253.8102
      31.1            267.4659
      31.2            281.4893
      31.3            295.8799
      31.4            310.6369
      31.5            325.7601
      31.6            341.2486
      31.7            357.1016
      31.8            373.3186
      31.9            389.8981
      32.0            406.8399
      32.1            424.1418
      32.2            441.8038
      32.3            459.8240
      32.4            478.2018
      32.5            496.9356
      32.6            516.0244
      32.7            535.4661
      32.8            555.2602
      32.9            575.4045
      33.0            595.8980
      33.1            616.7382
      33.2            637.9244
      33.3            659.4543
      33.4            681.3264
      33.5            703.5389
      33.6            726.0901
      33.7            748.9780
      33.8            772.2005
      33.9            795.7558
      34.0            819.6419
      34.1            843.8570
      34.2            868.3985
      34.3            893.2648
      34.4            918.4534
      34.5            943.9626
      34.6            969.7900
      34.7            995.9334
      34.8           1022.3900
      34.9           1049.1590
      35.0           1076.2360
      35.1           1103.6210
      35.2           1131.3090
      35.3           1159.3010
      35.4           1187.5910
      35.5           1216.1800
      35.6           1245.0630
      35.7           1274.2390
      35.8           1303.7050
      35.9           1333.4590
      36.0           1363.4980
      36.1           1393.8190
      36.2           1424.4210
      36.3           1455.3000
      36.4           1486.4550
      36.5           1517.8830
      36.6           1549.5810
      36.7           1581.5460
      36.8           1613.7770
      36.9           1646.2710
      37.0           1679.0240
      37.1           1712.0360
      37.2           1745.3020
      37.3           1778.8200
      37.4           1812.5890
      37.5           1846.6050
      37.6           1880.8670
      37.7           1915.3700
      37.8           1950.1140
      37.9           1985.0940
      38.0           2020.3100
      38.1           2055.7580
      38.2           2091.4350
      38.3           2127.3400
      38.4           2163.4700
      38.5           2199.8220
      38.6           2236.3940
      38.7           2273.1830
      38.8           2310.1870
      38.9           2347.4030
      39.0           2384.8290
      39.1           2422.4630
      39.2           2460.3020
      39.3           2498.3440
      39.4           2536.5860
      39.5           2575.0250
      39.6           2613.6600
      39.7           2652.4880
      39.8           2691.5080
      39.9           2730.7150
      40.0           2770.1080

 MIN SSQ IS    3.38  AT A P50 OF  27.2  TORR,GIVING:

  SET #   VIRT PO2    MEAS SAT   KELMAN SAT     DIFF     LN PO2   LN(S/(1-S))
    1       50.77       86.00       85.17        .83      3.93        1.82
    2       49.97       84.40       84.52       -.12      3.91        1.69
    3       50.82       85.40       85.20        .20      3.93        1.77
    4       49.65       83.40       84.24       -.84      3.90        1.61
    5       47.22       81.00       82.01      -1.01      3.85        1.45
    6       43.53       78.90       77.95        .95      3.77        1.32



  MEAN VALUE OF MEASURED   SAT (X) =      83.2
  MEAN VALUE OF CALCULATED SAT (Y) =      83.2
  STANDARD DEVIATION OF MEASURED   SATURATIONS =       2.7
  STANDARD DEVIATION OF CALCULATED SATURATIONS =       2.8
  SLOPE OF LINEAR REGRESSION LINE =      .984
  Y INTERCEPT OF THIS LINE =     1.317
  CORRELATION COEFFICIENT =      .957

      #      SAMPLE     MEAS SAT (X)   CALC SAT (Y)    BEST FIT Y       DIFF

      1         1          86.00          85.17          85.95          -.78
      2         2          84.40          84.52          84.38           .14
      3         3          85.40          85.20          85.36          -.16
      4         4          83.40          84.24          83.40           .85
      5         5          81.00          82.01          81.03           .98
      6         6          78.90          77.95          78.97         -1.02



 LINEAR REGRESSION BETWEEN LOG PO2 & LOG(SAT/(1-SAT))

 HILL N IS THE SLOPE; P50 IS EXP(-INTERCEPT/SLOPE)

  MEAN VALUE OF      LOG PO2 (X)     =      3.88
  MEAN VALUE OF LOG(SAT/(1-SAT)) (Y) =      1.61
  STANDARD DEVIATION OF X =       .06
  STANDARD DEVIATION OF Y =       .19
  SLOPE OF LINEAR REGRESSION LINE =     3.029
  Y INTERCEPT OF THIS LINE =   -10.152
  CORRELATION COEFFICIENT =      .953


 #      SAMPLE     LOG PO2 (X)   LOG(SAT/(1-SAT)) (Y)  BEST FIT Y     DIFF

 1         1           3.93           1.82                1.74         .07
 2         2           3.91           1.69                1.69        -.00
 3         3           3.93           1.77                1.74         .02
 4         4           3.90           1.61                1.67        -.06
 5         5           3.85           1.45                1.52        -.07
 6         6           3.77           1.32                1.28         .04


 HILL COEFFICIENT =  3.03   P50 =  28.6
