CMS03PR                                                     

   % INSP O2    PO2      PCO2        PH    MEAS SAT      HB      HCRIT     TEMP

     21.00     40.00     28.70      7.34     80.00     19.70     71.00    36.90
     21.00     45.00     31.20      7.34     87.50     21.00     71.00    36.90
     21.00     47.00     24.00      7.30     89.50     21.30     72.00    36.90
     21.00     48.00     23.60      7.29     92.00     21.50     71.00    36.90
     21.00     40.00     37.70      7.29     74.90     20.60     69.00    36.90



   TRIAL P50       SUM OF SQUARES

      15.0            636.3234
      15.1            626.1104
      15.2            615.8421
      15.3            605.5221
      15.4            595.1530
      15.5            584.7372
      15.6            574.2786
      15.7            563.7802
      15.8            553.2451
      15.9            542.6775
      16.0            532.0806
      16.1            521.4587
      16.2            510.8152
      16.3            500.1545
      16.4            489.4807
      16.5            478.7985
      16.6            468.1119
      16.7            457.4257
      16.8            446.7449
      16.9            436.0740
      17.0            425.4183
      17.1            414.7828
      17.2            404.1724
      17.3            393.5930
      17.4            383.0497
      17.5            372.5481
      17.6            362.0936
      17.7            351.6927
      17.8            341.3508
      17.9            331.0736
      18.0            320.8676
      18.1            310.7385
      18.2            300.6929
      18.3            290.7368
      18.4            280.8766
      18.5            271.1188
      18.6            261.4701
      18.7            251.9364
      18.8            242.5249
      18.9            233.2417
      19.0            224.0938
      19.1            215.0876
      19.2            206.2302
      19.3            197.5280
      19.4            188.9879
      19.5            180.6166
      19.6            172.4212
      19.7            164.4079
      19.8            156.5838
      19.9            148.9555
      20.0            141.5300
      20.1            134.3136
      20.2            127.3134
      20.3            120.5358
      20.4            113.9875
      20.5            107.6750
      20.6            101.6047
      20.7             95.7833
      20.8             90.2170
      20.9             84.9122
      21.0             79.8752
      21.1             75.1121
      21.2             70.6292
      21.3             66.4322
      21.4             62.5273
      21.5             58.9202
      21.6             55.6165
      21.7             52.6223
      21.8             49.9426
      21.9             47.5832
      22.0             45.5493
      22.1             43.8461
      22.2             42.4787
      22.3             41.4520
      22.4             40.7709
      22.5             40.4401
      22.6             40.4642
      22.7             40.8476
      22.8             41.5947
      22.9             42.7095
      23.0             44.1963
      23.1             46.0588
      23.2             48.3010
      23.3             50.9262
      23.4             53.9382
      23.5             57.3402
      23.6             61.1354
      23.7             65.3269
      23.8             69.9175
      23.9             74.9100
      24.0             80.3071
      24.1             86.1112
      24.2             92.3246
      24.3             98.9496
      24.4            105.9881
      24.5            113.4421
      24.6            121.3131
      24.7            129.6030
      24.8            138.3131
      24.9            147.4448
      25.0            156.9992
      25.1            166.9772
      25.2            177.3799
      25.3            188.2080
      25.4            199.4622
      25.5            211.1430
      25.6            223.2505
      25.7            235.7852
      25.8            248.7471
      25.9            262.1361
      26.0            275.9523
      26.1            290.1950
      26.2            304.8641
      26.3            319.9591
      26.4            335.4796
      26.5            351.4241
      26.6            367.7923
      26.7            384.5836
      26.8            401.7961
      26.9            419.4291
      27.0            437.4809
      27.1            455.9510
      27.2            474.8371
      27.3            494.1378
      27.4            513.8516
      27.5            533.9770
      27.6            554.5117
      27.7            575.4536
      27.8            596.8016
      27.9            618.5526
      28.0            640.7053
      28.1            663.2569
      28.2            686.2049
      28.3            709.5475
      28.4            733.2825
      28.5            757.4063
      28.6            781.9172
      28.7            806.8121
      28.8            832.0891
      28.9            857.7444
      29.0            883.7758
      29.1            910.1805
      29.2            936.9553
      29.3            964.0976
      29.4            991.6044
      29.5           1019.4720
      29.6           1047.6990
      29.7           1076.2800
      29.8           1105.2140
      29.9           1134.4960
      30.0           1164.1250
      30.1           1194.0950
      30.2           1224.4050
      30.3           1255.0520
      30.4           1286.0300
      30.5           1317.3380
      30.6           1348.9720
      30.7           1380.9290
      30.8           1413.2060
      30.9           1445.7980
      31.0           1478.7030
      31.1           1511.9170
      31.2           1545.4370
      31.3           1579.2590
      31.4           1613.3810
      31.5           1647.7980
      31.6           1682.5070
      31.7           1717.5050
      31.8           1752.7870
      31.9           1788.3520
      32.0           1824.1960
      32.1           1860.3140
      32.2           1896.7030
      32.3           1933.3610
      32.4           1970.2830
      32.5           2007.4670
      32.6           2044.9090
      32.7           2082.6060
      32.8           2120.5540
      32.9           2158.7490
      33.0           2197.1890
      33.1           2235.8710
      33.2           2274.7910
      33.3           2313.9460
      33.4           2353.3310
      33.5           2392.9450
      33.6           2432.7850
      33.7           2472.8450
      33.8           2513.1240
      33.9           2553.6180
      34.0           2594.3250
      34.1           2635.2400
      34.2           2676.3620
      34.3           2717.6860
      34.4           2759.2090
      34.5           2800.9290
      34.6           2842.8430
      34.7           2884.9470
      34.8           2927.2400
      34.9           2969.7160
      35.0           3012.3740
      35.1           3055.2100
      35.2           3098.2210
      35.3           3141.4070
      35.4           3184.7630
      35.5           3228.2850
      35.6           3271.9720
      35.7           3315.8200
      35.8           3359.8270
      35.9           3403.9900
      36.0           3448.3070
      36.1           3492.7740
      36.2           3537.3890
      36.3           3582.1500
      36.4           3627.0530
      36.5           3672.0970
      36.6           3717.2780
      36.7           3762.5940
      36.8           3808.0440
      36.9           3853.6230
      37.0           3899.3290
      37.1           3945.1610
      37.2           3991.1150
      37.3           4037.1910
      37.4           4083.3840
      37.5           4129.6920
      37.6           4176.1140
      37.7           4222.6470
      37.8           4269.2900
      37.9           4316.0390
      38.0           4362.8920
      38.1           4409.8470
      38.2           4456.9030
      38.3           4504.0550
      38.4           4551.3040
      38.5           4598.6470
      38.6           4646.0810
      38.7           4693.6040
      38.8           4741.2160
      38.9           4788.9130
      39.0           4836.6930
      39.1           4884.5550
      39.2           4932.4970
      39.3           4980.5160
      39.4           5028.6110
      39.5           5076.7800
      39.6           5125.0210
      39.7           5173.3330
      39.8           5221.7120
      39.9           5270.1590
      40.0           5318.6700

 MIN SSQ IS   40.44  AT A P50 OF  22.5  TORR,GIVING:

  SET #   VIRT PO2    MEAS SAT   KELMAN SAT     DIFF     LN PO2   LN(S/(1-S))
    1       38.79       80.00       81.68      -1.68      3.66        1.39
    2       43.38       87.50       86.43       1.07      3.77        1.95
    3       44.48       89.50       87.34       2.16      3.80        2.14
    4       45.10       92.00       87.82       4.18      3.81        2.44
    5       36.51       74.90       78.68      -3.78      3.60        1.09



  MEAN VALUE OF MEASURED   SAT (X) =      84.8
  MEAN VALUE OF CALCULATED SAT (Y) =      84.4
  STANDARD DEVIATION OF MEASURED   SATURATIONS =       7.1
  STANDARD DEVIATION OF CALCULATED SATURATIONS =       4.0
  SLOPE OF LINEAR REGRESSION LINE =      .561
  Y INTERCEPT OF THIS LINE =    36.791
  CORRELATION COEFFICIENT =      .994

      #      SAMPLE     MEAS SAT (X)   CALC SAT (Y)    BEST FIT Y       DIFF

      1         1          80.00          81.68          81.71          -.02
      2         2          87.50          86.43          85.92           .51
      3         3          89.50          87.34          87.04           .30
      4         4          92.00          87.82          88.44          -.63
      5         5          74.90          78.68          78.84          -.16



 LINEAR REGRESSION BETWEEN LOG PO2 & LOG(SAT/(1-SAT))

 HILL N IS THE SLOPE; P50 IS EXP(-INTERCEPT/SLOPE)

  MEAN VALUE OF      LOG PO2 (X)     =      3.73
  MEAN VALUE OF LOG(SAT/(1-SAT)) (Y) =      1.80
  STANDARD DEVIATION OF X =       .09
  STANDARD DEVIATION OF Y =       .55
  SLOPE OF LINEAR REGRESSION LINE =     5.830
  Y INTERCEPT OF THIS LINE =   -19.920
  CORRELATION COEFFICIENT =      .982


 #      SAMPLE     LOG PO2 (X)   LOG(SAT/(1-SAT)) (Y)  BEST FIT Y     DIFF

 1         1           3.66           1.39                1.41        -.02
 2         2           3.77           1.95                2.06        -.11
 3         3           3.80           2.14                2.21        -.06
 4         4           3.81           2.44                2.29         .16
 5         5           3.60           1.09                1.05         .04


 HILL COEFFICIENT =  5.83   P50 =  30.5
