CMS05PO                                                     

   % INSP O2    PO2      PCO2        PH    MEAS SAT      HB      HCRIT     TEMP

     21.00     51.00     28.30      7.39     86.50     16.10     54.00    36.40
     21.00     45.00     32.70      7.37     79.80     16.30     55.00    36.40
     21.00     46.00     32.40      7.35     79.70     16.50     54.00    36.40
     21.00     46.00     27.90      7.31     79.20     16.30     54.00    36.30
     21.00     47.00     26.00      7.27     78.50     16.40     54.00    36.30
     21.00     24.00     49.70      7.33     42.00     17.00     58.00    36.40



   TRIAL P50       SUM OF SQUARES

      15.0           2351.4640
      15.1           2316.9810
      15.2           2282.6880
      15.3           2248.5870
      15.4           2214.6860
      15.5           2180.9890
      15.6           2147.5030
      15.7           2114.2300
      15.8           2081.1750
      15.9           2048.3420
      16.0           2015.7330
      16.1           1983.3530
      16.2           1951.2040
      16.3           1919.2880
      16.4           1887.6080
      16.5           1856.1650
      16.6           1824.9620
      16.7           1793.9990
      16.8           1763.2780
      16.9           1732.8000
      17.0           1702.5670
      17.1           1672.5770
      17.2           1642.8330
      17.3           1613.3340
      17.4           1584.0810
      17.5           1555.0740
      17.6           1526.3130
      17.7           1497.7980
      17.8           1469.5280
      17.9           1441.5050
      18.0           1413.7280
      18.1           1386.1950
      18.2           1358.9080
      18.3           1331.8650
      18.4           1305.0670
      18.5           1278.5120
      18.6           1252.2020
      18.7           1226.1350
      18.8           1200.3120
      18.9           1174.7310
      19.0           1149.3930
      19.1           1124.2990
      19.2           1099.4460
      19.3           1074.8360
      19.4           1050.4680
      19.5           1026.3440
      19.6           1002.4610
      19.7            978.8217
      19.8            955.4252
      19.9            932.2720
      20.0            909.3632
      20.1            886.6982
      20.2            864.2783
      20.3            842.1040
      20.4            820.1759
      20.5            798.4946
      20.6            777.0620
      20.7            755.8776
      20.8            734.9434
      20.9            714.2604
      21.0            693.8296
      21.1            673.6530
      21.2            653.7308
      21.3            634.0656
      21.4            614.6584
      21.5            595.5107
      21.6            576.6248
      21.7            558.0018
      21.8            539.6435
      21.9            521.5522
      22.0            503.7299
      22.1            486.1784
      22.2            468.8998
      22.3            451.8963
      22.4            435.1697
      22.5            418.7227
      22.6            402.5573
      22.7            386.6760
      22.8            371.0810
      22.9            355.7749
      23.0            340.7598
      23.1            326.0385
      23.2            311.6130
      23.3            297.4862
      23.4            283.6605
      23.5            270.1382
      23.6            256.9223
      23.7            244.0149
      23.8            231.4186
      23.9            219.1360
      24.0            207.1696
      24.1            195.5222
      24.2            184.1962
      24.3            173.1936
      24.4            162.5175
      24.5            152.1700
      24.6            142.1537
      24.7            132.4710
      24.8            123.1241
      24.9            114.1157
      25.0            105.4479
      25.1             97.1229
      25.2             89.1429
      25.3             81.5103
      25.4             74.2271
      25.5             67.2954
      25.6             60.7172
      25.7             54.4946
      25.8             48.6294
      25.9             43.1236
      26.0             37.9788
      26.1             33.1970
      26.2             28.7798
      26.3             24.7286
      26.4             21.0453
      26.5             17.7312
      26.6             14.7877
      26.7             12.2162
      26.8             10.0179
      26.9              8.1941
      27.0              6.7460
      27.1              5.6744
      27.2              4.9804
      27.3              4.6650
      27.4              4.7290
      27.5              5.1730
      27.6              5.9978
      27.7              7.2040
      27.8              8.7920
      27.9             10.7624
      28.0             13.1155
      28.1             15.8514
      28.2             18.9707
      28.3             22.4733
      28.4             26.3592
      28.5             30.6285
      28.6             35.2809
      28.7             40.3166
      28.8             45.7351
      28.9             51.5361
      29.0             57.7192
      29.1             64.2839
      29.2             71.2298
      29.3             78.5563
      29.4             86.2626
      29.5             94.3480
      29.6            102.8116
      29.7            111.6526
      29.8            120.8701
      29.9            130.4631
      30.0            140.4303
      30.1            150.7708
      30.2            161.4835
      30.3            172.5669
      30.4            184.0195
      30.5            195.8405
      30.6            208.0278
      30.7            220.5806
      30.8            233.4966
      30.9            246.7751
      31.0            260.4136
      31.1            274.4111
      31.2            288.7654
      31.3            303.4747
      31.4            318.5375
      31.5            333.9518
      31.6            349.7155
      31.7            365.8267
      31.8            382.2838
      31.9            399.0840
      32.0            416.2260
      32.1            433.7068
      32.2            451.5247
      32.3            469.6779
      32.4            488.1638
      32.5            506.9799
      32.6            526.1246
      32.7            545.5950
      32.8            565.3892
      32.9            585.5048
      33.0            605.9390
      33.1            626.6901
      33.2            647.7552
      33.3            669.1320
      33.4            690.8174
      33.5            712.8099
      33.6            735.1070
      33.7            757.7054
      33.8            780.6030
      33.9            803.7969
      34.0            827.2855
      34.1            851.0651
      34.2            875.1343
      34.3            899.4894
      34.4            924.1283
      34.5            949.0480
      34.6            974.2468
      34.7            999.7213
      34.8           1025.4690
      34.9           1051.4880
      35.0           1077.7730
      35.1           1104.3260
      35.2           1131.1410
      35.3           1158.2160
      35.4           1185.5480
      35.5           1213.1350
      35.6           1240.9750
      35.7           1269.0640
      35.8           1297.4010
      35.9           1325.9820
      36.0           1354.8040
      36.1           1383.8650
      36.2           1413.1640
      36.3           1442.6960
      36.4           1472.4590
      36.5           1502.4520
      36.6           1532.6700
      36.7           1563.1120
      36.8           1593.7750
      36.9           1624.6570
      37.0           1655.7540
      37.1           1687.0650
      37.2           1718.5880
      37.3           1750.3180
      37.4           1782.2540
      37.5           1814.3930
      37.6           1846.7340
      37.7           1879.2730
      37.8           1912.0080
      37.9           1944.9370
      38.0           1978.0560
      38.1           2011.3650
      38.2           2044.8590
      38.3           2078.5370
      38.4           2112.3970
      38.5           2146.4370
      38.6           2180.6530
      38.7           2215.0430
      38.8           2249.6060
      38.9           2284.3380
      39.0           2319.2390
      39.1           2354.3040
      39.2           2389.5330
      39.3           2424.9220
      39.4           2460.4700
      39.5           2496.1750
      39.6           2532.0330
      39.7           2568.0440
      39.8           2604.2050
      39.9           2640.5130
      40.0           2676.9670

 MIN SSQ IS    4.67  AT A P50 OF  27.3  TORR,GIVING:

  SET #   VIRT PO2    MEAS SAT   KELMAN SAT     DIFF     LN PO2   LN(S/(1-S))
    1       53.58       86.50       87.08       -.58      3.98        1.86
    2       45.84       79.80       80.41       -.61      3.83        1.37
    3       45.82       79.70       80.39       -.69      3.82        1.37
    4       44.89       79.20       79.36       -.16      3.80        1.34
    5       44.52       78.50       78.93       -.43      3.80        1.30
    6       23.00       42.00       40.19       1.81      3.14        -.32



  MEAN VALUE OF MEASURED   SAT (X) =      74.3
  MEAN VALUE OF CALCULATED SAT (Y) =      74.4
  STANDARD DEVIATION OF MEASURED   SATURATIONS =      16.1
  STANDARD DEVIATION OF CALCULATED SATURATIONS =      17.0
  SLOPE OF LINEAR REGRESSION LINE =     1.058
  Y INTERCEPT OF THIS LINE =    -4.205
  CORRELATION COEFFICIENT =     1.000

      #      SAMPLE     MEAS SAT (X)   CALC SAT (Y)    BEST FIT Y       DIFF

      1         1          86.50          87.08          87.32          -.24
      2         2          79.80          80.41          80.23           .18
      3         3          79.70          80.39          80.13           .26
      4         4          79.20          79.36          79.60          -.24
      5         5          78.50          78.93          78.86           .08
      6         6          42.00          40.19          40.24          -.04



 LINEAR REGRESSION BETWEEN LOG PO2 & LOG(SAT/(1-SAT))

 HILL N IS THE SLOPE; P50 IS EXP(-INTERCEPT/SLOPE)

  MEAN VALUE OF      LOG PO2 (X)     =      3.73
  MEAN VALUE OF LOG(SAT/(1-SAT)) (Y) =      1.15
  STANDARD DEVIATION OF X =       .30
  STANDARD DEVIATION OF Y =       .75
  SLOPE OF LINEAR REGRESSION LINE =     2.518
  Y INTERCEPT OF THIS LINE =    -8.234
  CORRELATION COEFFICIENT =      .999


 #      SAMPLE     LOG PO2 (X)   LOG(SAT/(1-SAT)) (Y)  BEST FIT Y     DIFF

 1         1           3.98           1.86                1.79         .07
 2         2           3.83           1.37                1.40        -.02
 3         3           3.82           1.37                1.40        -.03
 4         4           3.80           1.34                1.34        -.00
 5         5           3.80           1.30                1.32        -.03
 6         6           3.14           -.32                -.34         .02


 HILL COEFFICIENT =  2.52   P50 =  26.3
