CMS04PR                                                     

   % INSP O2    PO2      PCO2        PH    MEAS SAT      HB      HCRIT     TEMP

     21.00     51.00     26.10      7.34     86.40     19.70     67.00    36.50
     21.00     45.00     33.70      7.27     81.60     20.30     71.00    36.20
     21.00     52.00     32.40      7.24     91.30     20.90     71.00    36.10
     21.00     56.00     27.20      7.19     90.10     21.30     72.00    35.90
     21.00     29.00     40.10      7.36     59.70     19.00     65.00    36.50



   TRIAL P50       SUM OF SQUARES

      15.0           1073.5370
      15.1           1055.7230
      15.2           1037.8910
      15.3           1020.0460
      15.4           1002.1960
      15.5            984.3474
      15.6            966.5067
      15.7            948.6811
      15.8            930.8773
      15.9            913.1016
      16.0            895.3613
      16.1            877.6630
      16.2            860.0135
      16.3            842.4188
      16.4            824.8856
      16.5            807.4207
      16.6            790.0304
      16.7            772.7206
      16.8            755.4980
      16.9            738.3680
      17.0            721.3378
      17.1            704.4122
      17.2            687.5978
      17.3            670.9000
      17.4            654.3243
      17.5            637.8766
      17.6            621.5621
      17.7            605.3854
      17.8            589.3528
      17.9            573.4692
      18.0            557.7388
      18.1            542.1672
      18.2            526.7587
      18.3            511.5179
      18.4            496.4497
      18.5            481.5580
      18.6            466.8472
      18.7            452.3218
      18.8            437.9854
      18.9            423.8423
      19.0            409.8961
      19.1            396.1509
      19.2            382.6097
      19.3            369.2770
      19.4            356.1556
      19.5            343.2488
      19.6            330.5600
      19.7            318.0928
      19.8            305.8502
      19.9            293.8349
      20.0            282.0502
      20.1            270.4986
      20.2            259.1836
      20.3            248.1072
      20.4            237.2725
      20.5            226.6822
      20.6            216.3385
      20.7            206.2440
      20.8            196.4016
      20.9            186.8132
      21.0            177.4813
      21.1            168.4082
      21.2            159.5963
      21.3            151.0475
      21.4            142.7642
      21.5            134.7484
      21.6            127.0023
      21.7            119.5277
      21.8            112.3267
      21.9            105.4015
      22.0             98.7538
      22.1             92.3855
      22.2             86.2986
      22.3             80.4948
      22.4             74.9760
      22.5             69.7438
      22.6             64.8000
      22.7             60.1464
      22.8             55.7846
      22.9             51.7162
      23.0             47.9430
      23.1             44.4664
      23.2             41.2880
      23.3             38.4093
      23.4             35.8319
      23.5             33.5572
      23.6             31.5866
      23.7             29.9216
      23.8             28.5635
      23.9             27.5137
      24.0             26.7735
      24.1             26.3441
      24.2             26.2268
      24.3             26.4229
      24.4             26.9334
      24.5             27.7596
      24.6             28.9026
      24.7             30.3634
      24.8             32.1429
      24.9             34.2424
      25.0             36.6628
      25.1             39.4048
      25.2             42.4695
      25.3             45.8577
      25.4             49.5701
      25.5             53.6076
      25.6             57.9709
      25.7             62.6605
      25.8             67.6772
      25.9             73.0217
      26.0             78.6942
      26.1             84.6955
      26.2             91.0259
      26.3             97.6859
      26.4            104.6757
      26.5            111.9960
      26.6            119.6467
      26.7            127.6281
      26.8            135.9404
      26.9            144.5837
      27.0            153.5582
      27.1            162.8636
      27.2            172.5004
      27.3            182.4682
      27.4            192.7668
      27.5            203.3960
      27.6            214.3560
      27.7            225.6460
      27.8            237.2662
      27.9            249.2158
      28.0            261.4947
      28.1            274.1021
      28.2            287.0377
      28.3            300.3010
      28.4            313.8911
      28.5            327.8077
      28.6            342.0496
      28.7            356.6169
      28.8            371.5079
      28.9            386.7221
      29.0            402.2586
      29.1            418.1165
      29.2            434.2948
      29.3            450.7922
      29.4            467.6080
      29.5            484.7407
      29.6            502.1896
      29.7            519.9534
      29.8            538.0303
      29.9            556.4193
      30.0            575.1193
      30.1            594.1291
      30.2            613.4465
      30.3            633.0706
      30.4            652.9999
      30.5            673.2330
      30.6            693.7676
      30.7            714.6028
      30.8            735.7367
      30.9            757.1678
      31.0            778.8941
      31.1            800.9146
      31.2            823.2267
      31.3            845.8284
      31.4            868.7186
      31.5            891.8957
      31.6            915.3569
      31.7            939.1007
      31.8            963.1251
      31.9            987.4282
      32.0           1012.0080
      32.1           1036.8630
      32.2           1061.9900
      32.3           1087.3870
      32.4           1113.0530
      32.5           1138.9850
      32.6           1165.1810
      32.7           1191.6400
      32.8           1218.3600
      32.9           1245.3360
      33.0           1272.5690
      33.1           1300.0550
      33.2           1327.7920
      33.3           1355.7780
      33.4           1384.0110
      33.5           1412.4890
      33.6           1441.2090
      33.7           1470.1690
      33.8           1499.3670
      33.9           1528.8000
      34.0           1558.4670
      34.1           1588.3650
      34.2           1618.4910
      34.3           1648.8430
      34.4           1679.4190
      34.5           1710.2170
      34.6           1741.2350
      34.7           1772.4700
      34.8           1803.9190
      34.9           1835.5800
      35.0           1867.4510
      35.1           1899.5310
      35.2           1931.8150
      35.3           1964.3030
      35.4           1996.9910
      35.5           2029.8780
      35.6           2062.9610
      35.7           2096.2380
      35.8           2129.7070
      35.9           2163.3640
      36.0           2197.2080
      36.1           2231.2380
      36.2           2265.4490
      36.3           2299.8410
      36.4           2334.4100
      36.5           2369.1550
      36.6           2404.0730
      36.7           2439.1620
      36.8           2474.4210
      36.9           2509.8450
      37.0           2545.4340
      37.1           2581.1850
      37.2           2617.0960
      37.3           2653.1650
      37.4           2689.3890
      37.5           2725.7670
      37.6           2762.2960
      37.7           2798.9750
      37.8           2835.7990
      37.9           2872.7690
      38.0           2909.8820
      38.1           2947.1350
      38.2           2984.5270
      38.3           3022.0560
      38.4           3059.7190
      38.5           3097.5140
      38.6           3135.4400
      38.7           3173.4940
      38.8           3211.6750
      38.9           3249.9790
      39.0           3288.4060
      39.1           3326.9540
      39.2           3365.6210
      39.3           3404.4050
      39.4           3443.3020
      39.5           3482.3130
      39.6           3521.4330
      39.7           3560.6640
      39.8           3600.0010
      39.9           3639.4440
      40.0           3678.9910

 MIN SSQ IS   26.23  AT A P50 OF  24.2  TORR,GIVING:

  SET #   VIRT PO2    MEAS SAT   KELMAN SAT     DIFF     LN PO2   LN(S/(1-S))
    1       50.71       86.40       89.24      -2.84      3.93        1.85
    2       42.31       81.60       82.34       -.74      3.75        1.49
    3       47.90       91.30       87.38       3.92      3.87        2.35
    4       50.10       90.10       88.87       1.23      3.91        2.21
    5       28.84       59.70       60.54       -.84      3.36         .39



  MEAN VALUE OF MEASURED   SAT (X) =      81.8
  MEAN VALUE OF CALCULATED SAT (Y) =      81.7
  STANDARD DEVIATION OF MEASURED   SATURATIONS =      12.9
  STANDARD DEVIATION OF CALCULATED SATURATIONS =      12.1
  SLOPE OF LINEAR REGRESSION LINE =      .921
  Y INTERCEPT OF THIS LINE =     6.351
  CORRELATION COEFFICIENT =      .981

      #      SAMPLE     MEAS SAT (X)   CALC SAT (Y)    BEST FIT Y       DIFF

      1         1          86.40          89.24          85.89          3.35
      2         2          81.60          82.34          81.47           .87
      3         3          91.30          87.38          90.40         -3.02
      4         4          90.10          88.87          89.29          -.43
      5         5          59.70          60.54          61.31          -.77



 LINEAR REGRESSION BETWEEN LOG PO2 & LOG(SAT/(1-SAT))

 HILL N IS THE SLOPE; P50 IS EXP(-INTERCEPT/SLOPE)

  MEAN VALUE OF      LOG PO2 (X)     =      3.76
  MEAN VALUE OF LOG(SAT/(1-SAT)) (Y) =      1.66
  STANDARD DEVIATION OF X =       .24
  STANDARD DEVIATION OF Y =       .78
  SLOPE OF LINEAR REGRESSION LINE =     3.145
  Y INTERCEPT OF THIS LINE =   -10.177
  CORRELATION COEFFICIENT =      .947


 #      SAMPLE     LOG PO2 (X)   LOG(SAT/(1-SAT)) (Y)  BEST FIT Y     DIFF

 1         1           3.93           1.85                2.17        -.32
 2         2           3.75           1.49                1.60        -.11
 3         3           3.87           2.35                1.99         .36
 4         4           3.91           2.21                2.13         .08
 5         5           3.36            .39                 .40        -.00


 HILL COEFFICIENT =  3.15   P50 =  25.4
