CMS06PR                                                     

   % INSP O2    PO2      PCO2        PH    MEAS SAT      HB      HCRIT     TEMP

     21.00     42.00     35.20      7.33     78.30     19.50     64.00    36.80
     21.00     37.00     37.60      7.33     68.40     19.60     66.00    36.80
     21.00     38.00     32.60      7.34     72.90     19.60     66.00    36.90
     21.00     42.00     29.40      7.30     74.30     20.10     66.00    36.90
     21.00     41.00     39.40      7.35     74.70     19.10     64.00    36.80



   TRIAL P50       SUM OF SQUARES

      15.0           2011.9150
      15.1           1988.8930
      15.2           1965.6810
      15.3           1942.2850
      15.4           1918.7090
      15.5           1894.9570
      15.6           1871.0330
      15.7           1846.9440
      15.8           1822.6930
      15.9           1798.2870
      16.0           1773.7310
      16.1           1749.0310
      16.2           1724.1940
      16.3           1699.2240
      16.4           1674.1310
      16.5           1648.9200
      16.6           1623.5980
      16.7           1598.1720
      16.8           1572.6500
      16.9           1547.0400
      17.0           1521.3500
      17.1           1495.5880
      17.2           1469.7610
      17.3           1443.8800
      17.4           1417.9520
      17.5           1391.9850
      17.6           1365.9900
      17.7           1339.9760
      17.8           1313.9510
      17.9           1287.9250
      18.0           1261.9070
      18.1           1235.9080
      18.2           1209.9370
      18.3           1184.0040
      18.4           1158.1180
      18.5           1132.2910
      18.6           1106.5320
      18.7           1080.8520
      18.8           1055.2600
      18.9           1029.7660
      19.0           1004.3820
      19.1            979.1177
      19.2            953.9834
      19.3            928.9891
      19.4            904.1451
      19.5            879.4625
      19.6            854.9504
      19.7            830.6199
      19.8            806.4812
      19.9            782.5443
      20.0            758.8186
      20.1            735.3151
      20.2            712.0427
      20.3            689.0117
      20.4            666.2319
      20.5            643.7129
      20.6            621.4636
      20.7            599.4937
      20.8            577.8124
      20.9            556.4285
      21.0            535.3510
      21.1            514.5890
      21.2            494.1497
      21.3            474.0430
      21.4            454.2762
      21.5            434.8578
      21.6            415.7952
      21.7            397.0964
      21.8            378.7682
      21.9            360.8183
      22.0            343.2535
      22.1            326.0807
      22.2            309.3065
      22.3            292.9371
      22.4            276.9788
      22.5            261.4373
      22.6            246.3187
      22.7            231.6279
      22.8            217.3703
      22.9            203.5514
      23.0            190.1756
      23.1            177.2474
      23.2            164.7711
      23.3            152.7511
      23.4            141.1910
      23.5            130.0946
      23.6            119.4652
      23.7            109.3062
      23.8             99.6203
      23.9             90.4105
      24.0             81.6792
      24.1             73.4289
      24.2             65.6616
      24.3             58.3790
      24.4             51.5832
      24.5             45.2754
      24.6             39.4570
      24.7             34.1290
      24.8             29.2923
      24.9             24.9477
      25.0             21.0957
      25.1             17.7365
      25.2             14.8703
      25.3             12.4972
      25.4             10.6168
      25.5              9.2289
      25.6              8.3329
      25.7              7.9280
      25.8              8.0134
      25.9              8.5882
      26.0              9.6511
      26.1             11.2010
      26.2             13.2362
      26.3             15.7553
      26.4             18.7566
      26.5             22.2382
      26.6             26.1981
      26.7             30.6344
      26.8             35.5447
      26.9             40.9269
      27.0             46.7786
      27.1             53.0970
      27.2             59.8800
      27.3             67.1245
      27.4             74.8278
      27.5             82.9871
      27.6             91.5996
      27.7            100.6620
      27.8            110.1712
      27.9            120.1243
      28.0            130.5179
      28.1            141.3487
      28.2            152.6134
      28.3            164.3087
      28.4            176.4308
      28.5            188.9764
      28.6            201.9420
      28.7            215.3238
      28.8            229.1183
      28.9            243.3218
      29.0            257.9306
      29.1            272.9410
      29.2            288.3490
      29.3            304.1510
      29.4            320.3432
      29.5            336.9216
      29.6            353.8827
      29.7            371.2221
      29.8            388.9363
      29.9            407.0210
      30.0            425.4729
      30.1            444.2876
      30.2            463.4612
      30.3            482.9903
      30.4            502.8699
      30.5            523.0972
      30.6            543.6675
      30.7            564.5775
      30.8            585.8226
      30.9            607.3994
      31.0            629.3039
      31.1            651.5320
      31.2            674.0799
      31.3            696.9438
      31.4            720.1201
      31.5            743.6041
      31.6            767.3932
      31.7            791.4825
      31.8            815.8686
      31.9            840.5479
      32.0            865.5165
      32.1            890.7699
      32.2            916.3053
      32.3            942.1191
      32.4            968.2073
      32.5            994.5657
      32.6           1021.1920
      32.7           1048.0810
      32.8           1075.2300
      32.9           1102.6370
      33.0           1130.2960
      33.1           1158.2030
      33.2           1186.3570
      33.3           1214.7540
      33.4           1243.3900
      33.5           1272.2610
      33.6           1301.3650
      33.7           1330.6970
      33.8           1360.2550
      33.9           1390.0360
      34.0           1420.0350
      34.1           1450.2500
      34.2           1480.6790
      34.3           1511.3160
      34.4           1542.1600
      34.5           1573.2070
      34.6           1604.4550
      34.7           1635.8990
      34.8           1667.5380
      34.9           1699.3670
      35.0           1731.3850
      35.1           1763.5880
      35.2           1795.9730
      35.3           1828.5380
      35.4           1861.2790
      35.5           1894.1940
      35.6           1927.2800
      35.7           1960.5340
      35.8           1993.9540
      35.9           2027.5360
      36.0           2061.2790
      36.1           2095.1780
      36.2           2129.2330
      36.3           2163.4400
      36.4           2197.7970
      36.5           2232.3000
      36.6           2266.9480
      36.7           2301.7390
      36.8           2336.6680
      36.9           2371.7360
      37.0           2406.9380
      37.1           2442.2720
      37.2           2477.7370
      37.3           2513.3290
      37.4           2549.0470
      37.5           2584.8870
      37.6           2620.8490
      37.7           2656.9300
      37.8           2693.1270
      37.9           2729.4380
      38.0           2765.8620
      38.1           2802.3950
      38.2           2839.0370
      38.3           2875.7840
      38.4           2912.6350
      38.5           2949.5890
      38.6           2986.6410
      38.7           3023.7920
      38.8           3061.0390
      38.9    0      3098.3780
      39.0           3135.8110
      39.1           3173.3330
      39.2           3210.9430
      39.3           3248.6410
      39.4           3286.4220
      39.5           3324.2860
      39.6           3362.2300
      39.7           3400.2540
      39.8           3438.3560
      39.9           3476.5330
      40.0           3514.7840

 MIN SSQ IS    7.93  AT A P50 OF  25.7  TORR,GIVING:

  SET #   VIRT PO2    MEAS SAT   KELMAN SAT     DIFF     LN PO2   LN(S/(1-S))
    1       40.27       78.30       76.82       1.48      3.70        1.28
    2       35.34       68.40       69.30       -.90      3.56         .77
    3       36.64       72.90       71.45       1.45      3.60         .99
    4       39.27       74.30       75.44      -1.14      3.67        1.06
    5       39.63       74.70       75.94      -1.24      3.68        1.08



  MEAN VALUE OF MEASURED   SAT (X) =      73.7
  MEAN VALUE OF CALCULATED SAT (Y) =      73.8
  STANDARD DEVIATION OF MEASURED   SATURATIONS =       3.6
  STANDARD DEVIATION OF CALCULATED SATURATIONS =       3.2
  SLOPE OF LINEAR REGRESSION LINE =      .835
  Y INTERCEPT OF THIS LINE =    12.266
  CORRELATION COEFFICIENT =      .920

      #      SAMPLE     MEAS SAT (X)   CALC SAT (Y)    BEST FIT Y       DIFF

      1         1          78.30          76.82          77.61          -.79
      2         2          68.40          69.30          69.35          -.05
      3         3          72.90          71.45          73.11         -1.66
      4         4          74.30          75.44          74.27          1.17
      5         5          74.70          75.94          74.61          1.33



 LINEAR REGRESSION BETWEEN LOG PO2 & LOG(SAT/(1-SAT))

 HILL N IS THE SLOPE; P50 IS EXP(-INTERCEPT/SLOPE)

  MEAN VALUE OF      LOG PO2 (X)     =      3.64
  MEAN VALUE OF LOG(SAT/(1-SAT)) (Y) =      1.04
  STANDARD DEVIATION OF X =       .06
  STANDARD DEVIATION OF Y =       .18
  SLOPE OF LINEAR REGRESSION LINE =     2.987
  Y INTERCEPT OF THIS LINE =    -9.842
  CORRELATION COEFFICIENT =      .914


 #      SAMPLE     LOG PO2 (X)   LOG(SAT/(1-SAT)) (Y)  BEST FIT Y     DIFF

 1         1           3.70           1.28                1.20         .09
 2         2           3.56            .77                 .81        -.03
 3         3           3.60            .99                 .91         .07
 4         4           3.67           1.06                1.12        -.06
 5         5           3.68           1.08                1.15        -.07


 HILL COEFFICIENT =  2.99   P50 =  27.0
