CON01                                                       

   % INSP O2    PO2      PCO2        PH    MEAS SAT      HB      HCRIT     TEMP

     21.00     58.00     19.90      7.42     90.30     15.20     47.00    36.30
     21.00     50.00     23.40      7.31     85.20     15.80     50.00    35.90
     21.00     48.00     25.20      7.37     83.80     16.60     50.00    35.70
     21.00     54.00     22.30      7.30     84.40     16.70     49.00    35.60
     21.00     24.00     45.60      7.37     41.50     13.50     45.00    36.30



   TRIAL P50       SUM OF SQUARES

      15.0           1877.3200
      15.1           1848.0000
      15.2           1818.8580
      15.3           1789.8980
      15.4           1761.1320
      15.5           1732.5640
      15.6           1704.2030
      15.7           1676.0540
      15.8           1648.1240
      15.9           1620.4180
      16.0           1592.9420
      16.1           1565.7010
      16.2           1538.6980
      16.3           1511.9390
      16.4           1485.4270
      16.5           1459.1660
      16.6           1433.1580
      16.7           1407.4070
      16.8           1381.9150
      16.9           1356.6850
      17.0           1331.7180
      17.1           1307.0160
      17.2           1282.5800
      17.3           1258.4120
      17.4           1234.5120
      17.5           1210.8820
      17.6           1187.5210
      17.7           1164.4290
      17.8           1141.6080
      17.9           1119.0560
      18.0           1096.7740
      18.1           1074.7600
      18.2           1053.0150
      18.3           1031.5380
      18.4           1010.3270
      18.5            989.3815
      18.6            968.7013
      18.7            948.2836
      18.8            928.1279
      18.9            908.2332
      19.0            888.5973
      19.1            869.2191
      19.2            850.0966
      19.3            831.2285
      19.4            812.6129
      19.5            794.2480
      19.6            776.1318
      19.7            758.2631
      19.8            740.6397
      19.9            723.2599
      20.0            706.1216
      20.1            689.2231
      20.2            672.5625
      20.3            656.1380
      20.4            639.9480
      20.5            623.9901
      20.6            608.2626
      20.7            592.7639
      20.8            577.4927
      20.9            562.4462
      21.0            547.6238
      21.1            533.0228
      21.2            518.6422
      21.3            504.4806
      21.4            490.5355
      21.5            476.8062
      21.6            463.2911
      21.7            449.9886
      21.8            436.8973
      21.9            424.0159
      22.0            411.3428
      22.1            398.8774
      22.2            386.6181
      22.3            374.5638
      22.4            362.7137
      22.5            351.0663
      22.6            339.6206
      22.7            328.3762
      22.8            317.3319
      22.9            306.4866
      23.0            295.8399
      23.1            285.3913
      23.2            275.1395
      23.3            265.0843
      23.4            255.2250
      23.5            245.5610
      23.6            236.0923
      23.7            226.8179
      23.8            217.7376
      23.9            208.8513
      24.0            200.1586
      24.1            191.6593
      24.2            183.3530
      24.3            175.2399
      24.4            167.3197
      24.5            159.5925
      24.6            152.0580
      24.7            144.7168
      24.8            137.5683
      24.9            130.6131
      25.0            123.8513
      25.1            117.2828
      25.2            110.9081
      25.3            104.7273
      25.4             98.7407
      25.5             92.9488
      25.6             87.3517
      25.7             81.9498
      25.8             76.7437
      25.9             71.7336
      26.0             66.9201
      26.1             62.3037
      26.2             57.8845
      26.3             53.6636
      26.4             49.6411
      26.5             45.8177
      26.6             42.1939
      26.7             38.7705
      26.8             35.5477
      26.9             32.5263
      27.0             29.7070
      27.1             27.0902
      27.2             24.6768
      27.3             22.4671
      27.4             20.4620
      27.5             18.6621
      27.6             17.0679
      27.7             15.6801
      27.8             14.4993
      27.9             13.5263
      28.0             12.7616
      28.1             12.2058
      28.2             11.8597
      28.3             11.7237
      28.4             11.7986
      28.5             12.0848
      28.6             12.5832
      28.7             13.2941
      28.8             14.2182
      28.9             15.3560
      29.0             16.7081
      29.1             18.2751
      29.2             20.0574
      29.3             22.0556
      29.4             24.2701
      29.5             26.7014
      29.6             29.3500
      29.7             32.2163
      29.8             35.3008
      29.9             38.6037
      30.0             42.1256
      30.1             45.8668
      30.2             49.8275
      30.3             54.0082
      30.4             58.4090
      30.5             63.0304
      30.6             67.8724
      30.7             72.9355
      30.8             78.2196
      30.9             83.7250
      31.0             89.4519
      31.1             95.4004
      31.2            101.5707
      31.3            107.9626
      31.4            114.5763
      31.5            121.4119
      31.6            128.4694
      31.7            135.7486
      31.8            143.2496
      31.9            150.9722
      32.0            158.9164
      32.1            167.0819
      32.2            175.4687
      32.3            184.0765
      32.4            192.9052
      32.5            201.9545
      32.6            211.2241
      32.7            220.7140
      32.8            230.4234
      32.9            240.3524
      33.0            250.5004
      33.1            260.8669
      33.2            271.4517
      33.3            282.2545
      33.4            293.2743
      33.5            304.5112
      33.6            315.9644
      33.7            327.6333
      33.8            339.5177
      33.9            351.6164
      34.0            363.9291
      34.1            376.4556
      34.2            389.1946
      34.3            402.1455
      34.4            415.3080
      34.5            428.6809
      34.6            442.2642
      34.7            456.0563
      34.8            470.0568
      34.9            484.2649
      35.0            498.6797
      35.1            513.3005
      35.2            528.1262
      35.3            543.1563
      35.4            558.3897
      35.5            573.8251
      35.6            589.4622
      35.7            605.2996
      35.8            621.3366
      35.9            637.5721
      36.0            654.0054
      36.1            670.6349
      36.2            687.4601
      36.3            704.4794
      36.4            721.6924
      36.5            739.0980
      36.6            756.6945
      36.7            774.4813
      36.8            792.4571
      36.9            810.6205
      37.0            828.9711
      37.1            847.5071
      37.2            866.2279
      37.3            885.1317
      37.4            904.2178
      37.5            923.4850
      37.6            942.9321
      37.7            962.5575
      37.8            982.3605
      37.9           1002.3390
      38.0           1022.4940
      38.1           1042.8210
      38.2           1063.3210
      38.3           1083.9930
      38.4           1104.8340
      38.5           1125.8440
      38.6           1147.0220
      38.7           1168.3650
      38.8           1189.8740
      38.9           1211.5460
      39.0           1233.3810
      39.1           1255.3760
      39.2           1277.5320
      39.3           1299.8450
      39.4           1322.3160
      39.5           1344.9430
      39.6           1367.7240
      39.7           1390.6590
      39.8           1413.7460
      39.9           1436.9840
      40.0           1460.3700

 MIN SSQ IS   11.72  AT A P50 OF  28.3  TORR,GIVING:

  SET #   VIRT PO2    MEAS SAT   KELMAN SAT     DIFF     LN PO2   LN(S/(1-S))
    1       64.15       90.30       91.36      -1.06      4.16        2.23
    2       50.65       85.20       83.39       1.81      3.92        1.75
    3       51.44       83.80       84.06       -.26      3.94        1.64
    4       55.36       84.40       86.96      -2.56      4.01        1.69
    5       24.05       41.50       40.67        .83      3.18        -.34



  MEAN VALUE OF MEASURED   SAT (X) =      77.0
  MEAN VALUE OF CALCULATED SAT (Y) =      77.3
  STANDARD DEVIATION OF MEASURED   SATURATIONS =      20.0
  STANDARD DEVIATION OF CALCULATED SATURATIONS =      20.7
  SLOPE OF LINEAR REGRESSION LINE =     1.031
  Y INTERCEPT OF THIS LINE =    -2.120
  CORRELATION COEFFICIENT =      .997

      #      SAMPLE     MEAS SAT (X)   CALC SAT (Y)    BEST FIT Y       DIFF

      1         1          90.30          91.36          90.96           .40
      2         2          85.20          83.39          85.70         -2.31
      3         3          83.80          84.06          84.26          -.19
      4         4          84.40          86.96          84.88          2.09
      5         5          41.50          40.67          40.66           .02



 LINEAR REGRESSION BETWEEN LOG PO2 & LOG(SAT/(1-SAT))

 HILL N IS THE SLOPE; P50 IS EXP(-INTERCEPT/SLOPE)

  MEAN VALUE OF      LOG PO2 (X)     =      3.84
  MEAN VALUE OF LOG(SAT/(1-SAT)) (Y) =      1.39
  STANDARD DEVIATION OF X =       .38
  STANDARD DEVIATION OF Y =      1.00
  SLOPE OF LINEAR REGRESSION LINE =     2.597
  Y INTERCEPT OF THIS LINE =    -8.590
  CORRELATION COEFFICIENT =      .995


 #      SAMPLE     LOG PO2 (X)   LOG(SAT/(1-SAT)) (Y)  BEST FIT Y     DIFF

 1         1           4.16           2.23                2.22         .01
 2         2           3.92           1.75                1.60         .15
 3         3           3.94           1.64                1.64         .00
 4         4           4.01           1.69                1.83        -.15
 5         5           3.18           -.34                -.33        -.01


 HILL COEFFICIENT =  2.60   P50 =  27.3
