CON02                                                       

   % INSP O2    PO2      PCO2        PH    MEAS SAT      HB      HCRIT     TEMP

     21.00     56.00     27.10      7.30     88.80     17.10     47.00    36.40
     21.00     48.00     30.60      7.28     84.50     17.50     56.00    36.40
     21.00     49.00     29.60      7.24     81.40     18.90     55.00    36.40
     21.00     49.00     26.30      7.20     80.60     18.00     58.00    36.40
     21.00     40.00     37.50      7.36     74.50     16.90     53.00    36.40



   TRIAL P50       SUM OF SQUARES

      15.0           1025.4970
      15.1           1015.1790
      15.2           1004.7740
      15.3            994.2807
      15.4            983.7015
      15.5            973.0368
      15.6            962.2874
      15.7            951.4548
      15.8            940.5398
      15.9            929.5432
      16.0            918.4676
      16.1            907.3131
      16.2            896.0819
      16.3            884.7756
      16.4            873.3956
      16.5            861.9438
      16.6            850.4225
      16.7            838.8331
      16.8            827.1782
      16.9            815.4594
      17.0            803.6794
      17.1            791.8411
      17.2            779.9462
      17.3            767.9974
      17.4            755.9976
      17.5            743.9500
      17.6            731.8571
      17.7            719.7219
      17.8            707.5477
      17.9            695.3378
      18.0            683.0952
      18.1            670.8237
      18.2            658.5264
      18.3            646.2076
      18.4            633.8706
      18.5            621.5190
      18.6            609.1571
      18.7            596.7891
      18.8            584.4185
      18.9            572.0497
      19.0            559.6876
      19.1            547.3358
      19.2            534.9991
      19.3            522.6817
      19.4            510.3888
      19.5            498.1247
      19.6            485.8942
      19.7            473.7019
      19.8            461.5530
      19.9            449.4523
      20.0            437.4049
      20.1            425.4160
      20.2            413.4904
      20.3            401.6334
      20.4            389.8504
      20.5            378.1464
      20.6            366.5266
      20.7            354.9966
      20.8            343.5616
      20.9            332.2271
      21.0            320.9983
      21.1            309.8811
      21.2            298.8801
      21.3            288.0018
      21.4            277.2506
      21.5            266.6328
      21.6            256.1532
      21.7            245.8177
      21.8            235.6316
      21.9            225.6004
      22.0            215.7291
      22.1            206.0237
      22.2            196.4890
      22.3            187.1308
      22.4            177.9541
      22.5            168.9644
      22.6            160.1666
      22.7            151.5661
      22.8            143.1679
      22.9            134.9772
      23.0            126.9990
      23.1            119.2380
      23.2            111.6996
      23.3            104.3882
      23.4             97.3089
      23.5             90.4663
      23.6             83.8647
      23.7             77.5091
      23.8             71.4037
      23.9             65.5531
      24.0             59.9614
      24.1             54.6329
      24.2             49.5718
      24.3             44.7821
      24.4             40.2678
      24.5             36.0327
      24.6             32.0806
      24.7             28.4152
      24.8             25.0400
      24.9             21.9584
      25.0             19.1740
      25.1             16.6899
      25.2             14.5093
      25.3             12.6352
      25.4             11.0708
      25.5              9.8186
      25.6              8.8817
      25.7              8.2624
      25.8              7.9635
      25.9              7.9872
      26.0              8.3361
      26.1              9.0121
      26.2             10.0176
      26.3             11.3544
      26.4             13.0244
      26.5             15.0295
      26.6             17.3713
      26.7             20.0513
      26.8             23.0711
      26.9             26.4321
      27.0             30.1353
      27.1             34.1823
      27.2             38.5737
      27.3             43.3106
      27.4             48.3941
      27.5             53.8246
      27.6             59.6030
      27.7             65.7298
      27.8             72.2054
      27.9             79.0303
      28.0             86.2047
      28.1             93.7288
      28.2            101.6027
      28.3            109.8264
      28.4            118.4000
      28.5            127.3231
      28.6            136.5956
      28.7            146.2168
      28.8            156.1872
      28.9            166.5053
      29.0            177.1712
      29.1            188.1841
      29.2            199.5432
      29.3            211.2478
      29.4            223.2968
      29.5            235.6897
      29.6            248.4251
      29.7            261.5025
      29.8            274.9203
      29.9            288.6773
      30.0            302.7726
      30.1            317.2047
      30.2            331.9722
      30.3            347.0739
      30.4            362.5079
      30.5            378.2733
      30.6            394.3681
      30.7            410.7909
      30.8            427.5397
      30.9            444.6133
      31.0            462.0096
      31.1            479.7269
      31.2            497.7635
      31.3            516.1173
      31.4            534.7866
      31.5            553.7691
      31.6            573.0631
      31.7            592.6668
      31.8            612.5779
      31.9            632.7946
      32.0            653.3139
      32.1            674.1345
      32.2            695.2538
      32.3            716.6698
      32.4            738.3805
      32.5            760.3836
      32.6            782.6763
      32.7            805.2574
      32.8            828.1238
      32.9            851.2738
      33.0            874.7045
      33.1            898.4138
      33.2            922.3990
      33.3            946.6588
      33.4            971.1899
      33.5            995.9899
      33.6           1021.0570
      33.7           1046.3870
      33.8           1071.9810
      33.9           1097.8330
      34.0           1123.9430
      34.1           1150.3080
      34.2           1176.9240
      34.3           1203.7910
      34.4           1230.9050
      34.5           1258.2630
      34.6           1285.8640
      34.7           1313.7060
      34.8           1341.7850
      34.9           1370.0990
      35.0           1398.6460
      35.1           1427.4230
      35.2           1456.4270
      35.3           1485.6580
      35.4           1515.1110
      35.5           1544.7850
      35.6           1574.6780
      35.7           1604.7850
      35.8           1635.1060
      35.9           1665.6390
      36.0           1696.3790
      36.1           1727.3260
      36.2           1758.4770
      36.3           1789.8290
      36.4           1821.3810
      36.5           1853.1290
      36.6           1885.0710
      36.7           1917.2060
      36.8           1949.5300
      36.9           1982.0420
      37.0           2014.7390
      37.1           2047.6190
      37.2           2080.6790
      37.3           2113.9180
      37.4           2147.3340
      37.5           2180.9220
      37.6           2214.6830
      37.7           2248.6130
      37.8           2282.7100
      37.9           2316.9720
      38.0           2351.3970
      38.1           2385.9830
      38.2           2420.7270
      38.3           2455.6290
      38.4           2490.6840
      38.5           2525.8910
      38.6           2561.2490
      38.7           2596.7550
      38.8           2632.4060
      38.9           2668.2020
      39.0           2704.1400
      39.1           2740.2180
      39.2           2776.4330
      39.3           2812.7850
      39.4           2849.2710
      39.5           2885.8880
      39.6           2922.6360
      39.7           2959.5120
      39.8           2996.5140
      39.9           3033.6410
      40.0           3070.8900

 MIN SSQ IS    7.96  AT A P50 OF  25.8  TORR,GIVING:

  SET #   VIRT PO2    MEAS SAT   KELMAN SAT     DIFF     LN PO2   LN(S/(1-S))
    1       53.89       88.80       89.14       -.34      3.99        2.07
    2       45.06       84.50       82.29       2.21      3.81        1.70
    3       44.67       81.40       81.89       -.49      3.80        1.48
    4       43.40       80.60       80.50        .10      3.77        1.42
    5       39.93       74.50       76.15      -1.65      3.69        1.07



  MEAN VALUE OF MEASURED   SAT (X) =      82.0
  MEAN VALUE OF CALCULATED SAT (Y) =      82.0
  STANDARD DEVIATION OF MEASURED   SATURATIONS =       5.3
  STANDARD DEVIATION OF CALCULATED SATURATIONS =       4.7
  SLOPE OF LINEAR REGRESSION LINE =      .858
  Y INTERCEPT OF THIS LINE =    11.646
  CORRELATION COEFFICIENT =      .967

      #      SAMPLE     MEAS SAT (X)   CALC SAT (Y)    BEST FIT Y       DIFF

      1         1          88.80          89.14          87.87          1.27
      2         2          84.50          82.29          84.18         -1.88
      3         3          81.40          81.89          81.52           .37
      4         4          80.60          80.50          80.83          -.32
      5         5          74.50          76.15          75.59           .56



 LINEAR REGRESSION BETWEEN LOG PO2 & LOG(SAT/(1-SAT))

 HILL N IS THE SLOPE; P50 IS EXP(-INTERCEPT/SLOPE)

  MEAN VALUE OF      LOG PO2 (X)     =      3.81
  MEAN VALUE OF LOG(SAT/(1-SAT)) (Y) =      1.55
  STANDARD DEVIATION OF X =       .11
  STANDARD DEVIATION OF Y =       .37
  SLOPE OF LINEAR REGRESSION LINE =     3.250
  Y INTERCEPT OF THIS LINE =   -10.838
  CORRELATION COEFFICIENT =      .968


 #      SAMPLE     LOG PO2 (X)   LOG(SAT/(1-SAT)) (Y)  BEST FIT Y     DIFF

 1         1           3.99           2.07                2.12        -.05
 2         2           3.81           1.70                1.54         .16
 3         3           3.80           1.48                1.51        -.04
 4         4           3.77           1.42                1.42         .00
 5         5           3.69           1.07                1.15        -.08


 HILL COEFFICIENT =  3.25   P50 =  28.1
