CON07                                                       

   % INSP O2    PO2      PCO2        PH    MEAS SAT      HB      HCRIT     TEMP

     21.00     44.00     32.00      7.41     83.10     15.80     51.00    36.00
     21.00     44.00     30.50      7.40     80.40     16.00     51.00    36.20
     21.00     43.00     28.80      7.35     77.50     15.60     51.00    36.20
     21.00     44.00     25.60      7.33     77.40     16.30     52.00    36.30
     21.00     45.00     32.40      7.41     81.00     14.60     48.00    36.00



   TRIAL P50       SUM OF SQUARES

      15.0           1329.5490
      15.1           1319.2070
      15.2           1308.7700
      15.3           1298.2370
      15.4           1287.6090
      15.5           1276.8850
      15.6           1266.0670
      15.7           1255.1530
      15.8           1244.1440
      15.9           1233.0410
      16.0           1221.8440
      16.1           1210.5540
      16.2           1199.1710
      16.3           1187.6950
      16.4           1176.1280
      16.5           1164.4700
      16.6           1152.7220
      16.7           1140.8850
      16.8           1128.9600
      16.9           1116.9480
      17.0           1104.8500
      17.1           1092.6680
      17.2           1080.4020
      17.3           1068.0550
      17.4           1055.6270
      17.5           1043.1200
      17.6           1030.5370
      17.7           1017.8780
      17.8           1005.1460
      17.9            992.3423
      18.0            979.4694
      18.1            966.5287
      18.2            953.5231
      18.3            940.4550
      18.4            927.3264
      18.5            914.1403
      18.6            900.8989
      18.7            887.6052
      18.8            874.2617
      18.9            860.8715
      19.0            847.4373
      19.1            833.9630
      19.2            820.4510
      19.3            806.9045
      19.4            793.3274
      19.5            779.7228
      19.6            766.0947
      19.7            752.4465
      19.8            738.7815
      19.9            725.1040
      20.0            711.4178
      20.1            697.7267
      20.2            684.0351
      20.3            670.3470
      20.4            656.6663
      20.5            642.9980
      20.6            629.3459
      20.7            615.7143
      20.8            602.1085
      20.9            588.5322
      21.0            574.9905
      21.1            561.4883
      21.2            548.0300
      21.3            534.6207
      21.4            521.2645
      21.5            507.9673
      21.6            494.7338
      21.7            481.5686
      21.8            468.4772
      21.9            455.4644
      22.0            442.5352
      22.1            429.6953
      22.2            416.9492
      22.3            404.3027
      22.4            391.7605
      22.5            379.3280
      22.6            367.0107
      22.7            354.8138
      22.8            342.7421
      22.9            330.8011
      23.0            318.9961
      23.1            307.3322
      23.2            295.8149
      23.3            284.4491
      23.4            273.2402
      23.5            262.1934
      23.6            251.3137
      23.7            240.6063
      23.8            230.0762
      23.9            219.7285
      24.0            209.5684
      24.1            199.6006
      24.2            189.8301
      24.3            180.2619
      24.4            170.9008
      24.5            161.7515
      24.6            152.8187
      24.7            144.1070
      24.8            135.6210
      24.9            127.3654
      25.0            119.3445
      25.1            111.5628
      25.2            104.0244
      25.3             96.7337
      25.4             89.6949
      25.5             82.9119
      25.6             76.3887
      25.7             70.1294
      25.8             64.1376
      25.9             58.4171
      26.0             52.9715
      26.1             47.8043
      26.2             42.9191
      26.3             38.3192
      26.4             34.0077
      26.5             29.9880
      26.6             26.2630
      26.7             22.8358
      26.8             19.7090
      26.9             16.8855
      27.0             14.3681
      27.1             12.1591
      27.2             10.2611
      27.3              8.6765
      27.4              7.4074
      27.5              6.4560
      27.6              5.8244
      27.7              5.5144
      27.8              5.5279
      27.9              5.8667
      28.0              6.5323
      28.1              7.5263
      28.2              8.8501
      28.3             10.5050
      28.4             12.4922
      28.5             14.8128
      28.6             17.4680
      28.7             20.4585
      28.8             23.7852
      28.9             27.4489
      29.0             31.4502
      29.1             35.7894
      29.2             40.4673
      29.3             45.4840
      29.4             50.8400
      29.5             56.5352
      29.6             62.5699
      29.7             68.9439
      29.8             75.6572
      29.9             82.7097
      30.0             90.1010
      30.1             97.8309
      30.2            105.8988
      30.3            114.3043
      30.4            123.0470
      30.5            132.1261
      30.6            141.5409
      30.7            151.2906
      30.8            161.3743
      30.9            171.7911
      31.0            182.5399
      31.1            193.6199
      31.2            205.0298
      31.3            216.7685
      31.4            228.8348
      31.5            241.2271
      31.6            253.9443
      31.7            266.9850
      31.8            280.3477
      31.9            294.0308
      32.0            308.0326
      32.1            322.3518
      32.2            336.9865
      32.3            351.9349
      32.4            367.1958
      32.5            382.7669
      32.6            398.6464
      32.7            414.8330
      32.8            431.3239
      32.9            448.1179
      33.0            465.2128
      33.1            482.6066
      33.2            500.2974
      33.3            518.2828
      33.4            536.5607
      33.5            555.1295
      33.6            573.9868
      33.7            593.1304
      33.8            612.5577
      33.9            632.2672
      34.0            652.2565
      34.1            672.5227
      34.2            693.0643
      34.3            713.8791
      34.4            734.9641
      34.5            756.3176
      34.6            777.9371
      34.7            799.8204
      34.8            821.9647
      34.9            844.3681
      35.0            867.0281
      35.1            889.9421
      35.2            913.1085
      35.3            936.5237
      35.4            960.1866
      35.5            984.0939
      35.6           1008.2430
      35.7           1032.6330
      35.8           1057.2600
      35.9           1082.1230
      36.0           1107.2180
      36.1           1132.5440
      36.2           1158.0980
      36.3           1183.8770
      36.4           1209.8790
      36.5           1236.1030
      36.6           1262.5450
      36.7           1289.2030
      36.8           1316.0740
      36.9           1343.1570
      37.0           1370.4500
      37.1           1397.9490
      37.2           1425.6520
      37.3           1453.5580
      37.4           1481.6640
      37.5           1509.9660
      37.6           1538.4650
      37.7           1567.1550
      37.8           1596.0370
      37.9           1625.1070
      38.0           1654.3630
      38.1           1683.8030
      38.2           1713.4240
      38.3           1743.2250
      38.4           1773.2030
      38.5           1803.3560
      38.6           1833.6820
      38.7           1864.1790
      38.8           1894.8440
      38.9           1925.6760
      39.0           1956.6720
      39.1           1987.8300
      39.2           2019.1480
      39.3           2050.6240
      39.4           2082.2560
      39.5           2114.0420
      39.6           2145.9790
      39.7           2178.0660
      39.8           2210.3020
      39.9           2242.6830
      40.0           2275.2070

 MIN SSQ IS    5.51  AT A P50 OF  27.7  TORR,GIVING:

  SET #   VIRT PO2    MEAS SAT   KELMAN SAT     DIFF     LN PO2   LN(S/(1-S))
    1       47.56       83.10       81.49       1.61      3.86        1.59
    2       46.66       80.40       80.57       -.17      3.84        1.41
    3       43.90       77.50       77.43        .07      3.78        1.24
    4       44.12       77.40       77.71       -.31      3.79        1.23
    5       48.79       81.00       82.68      -1.68      3.89        1.45



  MEAN VALUE OF MEASURED   SAT (X) =      79.9
  MEAN VALUE OF CALCULATED SAT (Y) =      80.0
  STANDARD DEVIATION OF MEASURED   SATURATIONS =       2.4
  STANDARD DEVIATION OF CALCULATED SATURATIONS =       2.3
  SLOPE OF LINEAR REGRESSION LINE =      .840
  Y INTERCEPT OF THIS LINE =    12.908
  CORRELATION COEFFICIENT =      .880

      #      SAMPLE     MEAS SAT (X)   CALC SAT (Y)    BEST FIT Y       DIFF

      1         1          83.10          81.49          82.68         -1.18
      2         2          80.40          80.57          80.41           .15
      3         3          77.50          77.43          77.98          -.55
      4         4          77.40          77.71          77.89          -.18
      5         5          81.00          82.68          80.92          1.76



 LINEAR REGRESSION BETWEEN LOG PO2 & LOG(SAT/(1-SAT))

 HILL N IS THE SLOPE; P50 IS EXP(-INTERCEPT/SLOPE)

  MEAN VALUE OF      LOG PO2 (X)     =      3.83
  MEAN VALUE OF LOG(SAT/(1-SAT)) (Y) =      1.38
  STANDARD DEVIATION OF X =       .05
  STANDARD DEVIATION OF Y =       .15
  SLOPE OF LINEAR REGRESSION LINE =     2.840
  Y INTERCEPT OF THIS LINE =    -9.499
  CORRELATION COEFFICIENT =      .861


 #      SAMPLE     LOG PO2 (X)   LOG(SAT/(1-SAT)) (Y)  BEST FIT Y     DIFF

 1         1           3.86           1.59                1.47         .12
 2         2           3.84           1.41                1.41        -.00
 3         3           3.78           1.24                1.24        -.00
 4         4           3.79           1.23                1.26        -.02
 5         5           3.89           1.45                1.54        -.09


 HILL COEFFICIENT =  2.84   P50 =  28.4
