CON04                                                       

   % INSP O2    PO2      PCO2        PH    MEAS SAT      HB      HCRIT     TEMP

     21.00     51.00     25.00      7.39     88.40     17.30     57.00    37.00
     21.00     50.00     23.40      7.40     85.80     17.10     60.00    36.70
     21.00     52.00     20.00      7.40     85.30     18.00     56.00    36.60
     21.00     54.00     17.80      7.39     84.90     17.50     53.00    36.40
     21.00     44.00     26.50      7.40     80.00     14.80     50.00    37.00



   TRIAL P50       SUM OF SQUARES

      15.0            765.1406
      15.1            759.4936
      15.2            753.8018
      15.3            748.0646
      15.4            742.2822
      15.5            736.4547
      15.6            730.5828
      15.7            724.6655
      15.8            718.7033
      15.9            712.6963
      16.0            706.6450
      16.1            700.5493
      16.2            694.4093
      16.3            688.2252
      16.4            681.9978
      16.5            675.7267
      16.6            669.4129
      16.7            663.0561
      16.8            656.6569
      16.9            650.2161
      17.0            643.7335
      17.1            637.2101
      17.2            630.6463
      17.3            624.0427
      17.4            617.3997
      17.5            610.7179
      17.6            603.9984
      17.7            597.2411
      17.8            590.4475
      17.9            583.6184
      18.0            576.7540
      18.1            569.8559
      18.2            562.9242
      18.3            555.9604
      18.4            548.9655
      18.5            541.9406
      18.6            534.8864
      18.7            527.8042
      18.8            520.6955
      18.9            513.5611
      19.0            506.4022
      19.1            499.2204
      19.2            492.0172
      19.3            484.7937
      19.4            477.5512
      19.5            470.2915
      19.6            463.0161
      19.7            455.7267
      19.8            448.4246
      19.9            441.1118
      20.0            433.7897
      20.1            426.4606
      20.2            419.1256
      20.3            411.7871
      20.4            404.4470
      20.5            397.1071
      20.6            389.7692
      20.7            382.4358
      20.8            375.1086
      20.9            367.7902
      21.0            360.4823
      21.1            353.1874
      21.2            345.9077
      21.3            338.6452
      21.4            331.4030
      21.5            324.1825
      21.6            316.9870
      21.7            309.8185
      21.8            302.6793
      21.9            295.5727
      22.0            288.5003
      22.1            281.4656
      22.2            274.4708
      22.3            267.5185
      22.4            260.6115
      22.5            253.7525
      22.6            246.9444
      22.7            240.1898
      22.8            233.4918
      22.9            226.8529
      23.0            220.2760
      23.1            213.7643
      23.2            207.3203
      23.3            200.9472
      23.4            194.6479
      23.5            188.4253
      23.6            182.2823
      23.7            176.2222
      23.8            170.2475
      23.9            164.3617
      24.0            158.5679
      24.1            152.8685
      24.2            147.2670
      24.3            141.7664
      24.4            136.3697
      24.5            131.0799
      24.6            125.9002
      24.7            120.8335
      24.8            115.8829
      24.9            111.0516
      25.0            106.3423
      25.1            101.7583
      25.2             97.3026
      25.3             92.9781
      25.4             88.7881
      25.5             84.7352
      25.6             80.8225
      25.7             77.0532
      25.8             73.4299
      25.9             69.9558
      26.0             66.6337
      26.1             63.4665
      26.2             60.4571
      26.3             57.6083
      26.4             54.9228
      26.5             52.4037
      26.6             50.0533
      26.7             47.8750
      26.8             45.8709
      26.9             44.0440
      27.0             42.3968
      27.1             40.9320
      27.2             39.6521
      27.3             38.5597
      27.4             37.6573
      27.5             36.9474
      27.6             36.4324
      27.7             36.1146
      27.8             35.9965
      27.9             36.0803
      28.0             36.3684
      28.1             36.8630
      28.2             37.5661
      28.3             38.4801
      28.4             39.6068
      28.5             40.9485
      28.6             42.5071
      28.7             44.2846
      28.8             46.2830
      28.9             48.5038
      29.0             50.9492
      29.1             53.6209
      29.2             56.5205
      29.3             59.6496
      29.4             63.0100
      29.5             66.6032
      29.6             70.4307
      29.7             74.4941
      29.8             78.7946
      29.9             83.3337
      30.0             88.1127
      30.1             93.1327
      30.2             98.3952
      30.3            103.9011
      30.4            109.6516
      30.5            115.6478
      30.6            121.8907
      30.7            128.3812
      30.8            135.1201
      30.9            142.1086
      31.0            149.3471
      31.1            156.8366
      31.2            164.5776
      31.3            172.5709
      31.4            180.8172
      31.5            189.3168
      31.6            198.0702
      31.7            207.0780
      31.8            216.3404
      31.9            225.8578
      32.0            235.6311
      32.1            245.6594
      32.2            255.9436
      32.3            266.4837
      32.4            277.2800
      32.5            288.3325
      32.6            299.6410
      32.7            311.2056
      32.8            323.0262
      32.9            335.1030
      33.0            347.4353
      33.1            360.0236
      33.2            372.8667
      33.3            385.9649
      33.4            399.3179
      33.5            412.9252
      33.6            426.7865
      33.7            440.9012
      33.8            455.2686
      33.9            469.8887
      34.0            484.7607
      34.1            499.8838
      34.2            515.2576
      34.3            530.8812
      34.4            546.7543
      34.5            562.8759
      34.6            579.2451
      34.7            595.8609
      34.8            612.7231
      34.9            629.8304
      35.0            647.1818
      35.1            664.7766
      35.2            682.6140
      35.3            700.6925
      35.4            719.0113
      35.5            737.5695
      35.6            756.3663
      35.7            775.3997
      35.8            794.6693
      35.9            814.1735
      36.0            833.9117
      36.1            853.8821
      36.2            874.0840
      36.3            894.5162
      36.4            915.1766
      36.5            936.0649
      36.6            957.1793
      36.7            978.5182
      36.8           1000.0810
      36.9           1021.8660
      37.0           1043.8710
      37.1           1066.0970
      37.2           1088.5390
      37.3           1111.1990
      37.4           1134.0740
      37.5           1157.1620
      37.6           1180.4630
      37.7           1203.9740
      37.8           1227.6950
      37.9           1251.6240
      38.0           1275.7590
      38.1           1300.0980
      38.2           1324.6410
      38.3           1349.3850
      38.4           1374.3300
      38.5           1399.4730
      38.6           1424.8130
      38.7           1450.3490
      38.8           1476.0790
      38.9    5      1502.0010
      39.0           1528.1140
      39.1           1554.4160
      39.2           1580.9050
      39.3           1607.5800
      39.4           1634.4400
      39.5           1661.4830
      39.6           1688.7070
      39.7           1716.1100
      39.8           1743.6920
      39.9           1771.4490
      40.0           1799.3820

 MIN SSQ IS   36.00  AT A P50 OF  27.8  TORR,GIVING:

  SET #   VIRT PO2    MEAS SAT   KELMAN SAT     DIFF     LN PO2   LN(S/(1-S))
    1       52.07       88.40       85.31       3.09      3.95        2.03
    2       52.30       85.80       85.49        .31      3.96        1.80
    3       55.57       85.30       87.72      -2.42      4.02        1.76
    4       58.17       84.90       89.19      -4.29      4.06        1.73
    5       45.02       80.00       78.57       1.43      3.81        1.39



  MEAN VALUE OF MEASURED   SAT (X) =      84.9
  MEAN VALUE OF CALCULATED SAT (Y) =      85.3
  STANDARD DEVIATION OF MEASURED   SATURATIONS =       3.1
  STANDARD DEVIATION OF CALCULATED SATURATIONS =       4.1
  SLOPE OF LINEAR REGRESSION LINE =      .917
  Y INTERCEPT OF THIS LINE =     7.443
  CORRELATION COEFFICIENT =      .687

      #      SAMPLE     MEAS SAT (X)   CALC SAT (Y)    BEST FIT Y       DIFF

      1         1          88.40          85.31          88.48         -3.17
      2         2          85.80          85.49          86.10          -.61
      3         3          85.30          87.72          85.64          2.08
      4         4          84.90          89.19          85.27          3.92
      5         5          80.00          78.57          80.78         -2.21



 LINEAR REGRESSION BETWEEN LOG PO2 & LOG(SAT/(1-SAT))

 HILL N IS THE SLOPE; P50 IS EXP(-INTERCEPT/SLOPE)

  MEAN VALUE OF      LOG PO2 (X)     =      3.96
  MEAN VALUE OF LOG(SAT/(1-SAT)) (Y) =      1.74
  STANDARD DEVIATION OF X =       .10
  STANDARD DEVIATION OF Y =       .23
  SLOPE OF LINEAR REGRESSION LINE =     1.374
  Y INTERCEPT OF THIS LINE =    -3.701
  CORRELATION COEFFICIENT =      .575


 #      SAMPLE     LOG PO2 (X)   LOG(SAT/(1-SAT)) (Y)  BEST FIT Y     DIFF

 1         1           3.95           2.03                1.73         .30
 2         2           3.96           1.80                1.74         .06
 3         3           4.02           1.76                1.82        -.06
 4         4           4.06           1.73                1.88        -.16
 5         5           3.81           1.39                1.53        -.14


 HILL COEFFICIENT =  1.37   P50 =  14.8
