CON06                                                       

   % INSP O2    PO2      PCO2        PH    MEAS SAT      HB      HCRIT     TEMP

     21.00     44.00     31.80      7.39     80.60     17.40     57.00    36.50
     21.00     47.00     31.50      7.36     82.70     17.30     57.00    36.80
     21.00     45.00     30.00      7.36     82.10     17.90     57.00    36.90
     21.00     50.00     26.00      7.30     82.50     18.50     57.00    37.00
     21.00     38.00     39.90      7.39     72.80     17.40     57.00    36.50



   TRIAL P50       SUM OF SQUARES

      15.0           1237.7980
      15.1           1226.0290
      15.2           1214.1580
      15.3           1202.1840
      15.4           1190.1080
      15.5           1177.9310
      15.6           1165.6550
      15.7           1153.2790
      15.8           1140.8070
      15.9           1128.2380
      16.0           1115.5740
      16.1           1102.8180
      16.2           1089.9690
      16.3           1077.0300
      16.4           1064.0040
      16.5           1050.8910
      16.6           1037.6940
      16.7           1024.4150
      16.8           1011.0560
      16.9            997.6196
      17.0            984.1083
      17.1            970.5239
      17.2            956.8704
      17.3            943.1498
      17.4            929.3651
      17.5            915.5188
      17.6            901.6150
      17.7            887.6565
      17.8            873.6462
      17.9            859.5881
      18.0            845.4857
      18.1            831.3423
      18.2            817.1620
      18.3            802.9482
      18.4            788.7056
      18.5            774.4377
      18.6            760.1489
      18.7            745.8432
      18.8            731.5256
      18.9            717.1995
      19.0            702.8705
      19.1            688.5424
      19.2            674.2203
      19.3            659.9089
      19.4            645.6133
      19.5            631.3382
      19.6            617.0885
      19.7            602.8696
      19.8            588.6864
      19.9            574.5444
      20.0            560.4488
      20.1            546.4048
      20.2            532.4177
      20.3            518.4935
      20.4            504.6373
      20.5            490.8545
      20.6            477.1507
      20.7            463.5318
      20.8            450.0036
      20.9            436.5713
      21.0            423.2405
      21.1            410.0176
      21.2            396.9078
      21.3            383.9170
      21.4            371.0508
      21.5            358.3152
      21.6            345.7159
      21.7            333.2586
      21.8            320.9487
      21.9            308.7927
      22.0            296.7956
      22.1            284.9636
      22.2            273.3020
      22.3            261.8165
      22.4            250.5129
      22.5            239.3967
      22.6            228.4733
      22.7            217.7483
      22.8            207.2273
      22.9            196.9153
      23.0            186.8178
      23.1            176.9404
      23.2            167.2879
      23.3            157.8656
      23.4            148.6788
      23.5            139.7321
      23.6            131.0307
      23.7            122.5795
      23.8            114.3831
      23.9            106.4465
      24.0             98.7742
      24.1             91.3705
      24.2             84.2402
      24.3             77.3874
      24.4             70.8166
      24.5             64.5318
      24.6             58.5372
      24.7             52.8366
      24.8             47.4340
      24.9             42.3331
      25.0             37.5377
      25.1             33.0512
      25.2             28.8771
      25.3             25.0189
      25.4             21.4797
      25.5             18.2625
      25.6             15.3705
      25.7             12.8066
      25.8             10.5737
      25.9              8.6742
      26.0              7.1108
      26.1              5.8861
      26.2              5.0022
      26.3              4.4615
      26.4              4.2661
      26.5              4.4180
      26.6              4.9190
      26.7              5.7710
      26.8              6.9756
      26.9              8.5343
      27.0             10.4487
      27.1             12.7201
      27.2             15.3496
      27.3             18.3384
      27.4             21.6874
      27.5             25.3977
      27.6             29.4701
      27.7             33.9050
      27.8             38.7032
      27.9             43.8652
      28.0             49.3912
      28.1             55.2817
      28.2             61.5368
      28.3             68.1565
      28.4             75.1409
      28.5             82.4897
      28.6             90.2030
      28.7             98.2803
      28.8            106.7213
      28.9            115.5255
      29.0            124.6923
      29.1            134.2211
      29.2            144.1113
      29.3            154.3618
      29.4            164.9721
      29.5            175.9409
      29.6            187.2674
      29.7            198.9504
      29.8            210.9887
      29.9            223.3810
      30.0            236.1263
      30.1            249.2227
      30.2            262.6692
      30.3            276.4638
      30.4            290.6055
      30.5            305.0925
      30.6            319.9228
      30.7            335.0947
      30.8            350.6071
      30.9            366.4571
      31.0            382.6436
      31.1            399.1643
      31.2            416.0172
      31.3            433.2007
      31.4            450.7120
      31.5            468.5500
      31.6            486.7112
      31.7            505.1946
      31.8            523.9969
      31.9            543.1168
      32.0            562.5516
      32.1            582.2986
      32.2            602.3561
      32.3            622.7211
      32.4            643.3916
      32.5            664.3652
      32.6            685.6390
      32.7            707.2113
      32.8            729.0788
      32.9            751.2397
      33.0            773.6910
      33.1            796.4299
      33.2            819.4550
      33.3            842.7625
      33.4            866.3497
      33.5            890.2153
      33.6            914.3556
      33.7            938.7684
      33.8            963.4504
      33.9            988.4003
      34.0           1013.6150
      34.1           1039.0910
      34.2           1064.8250
      34.3           1090.8170
      34.4           1117.0630
      34.5           1143.5600
      34.6           1170.3050
      34.7           1197.2960
      34.8           1224.5310
      34.9           1252.0060
      35.0           1279.7190
      35.1           1307.6680
      35.2           1335.8490
      35.3           1364.2600
      35.4           1392.9000
      35.5           1421.7630
      35.6           1450.8490
      35.7           1480.1550
      35.8           1509.6780
      35.9           1539.4150
      36.0           1569.3640
      36.1           1599.5220
      36.2           1629.8870
      36.3           1660.4580
      36.4           1691.2290
      36.5           1722.2000
      36.6           1753.3670
      36.7           1784.7280
      36.8           1816.2820
      36.9           1848.0250
      37.0           1879.9540
      37.1           1912.0680
      37.2           1944.3640
      37.3           1976.8400
      37.4           2009.4930
      37.5           2042.3210
      37.6           2075.3210
      37.7           2108.4910
      37.8           2141.8310
      37.9           2175.3340
      38.0           2209.0020
      38.1           2242.8300
      38.2           2276.8170
      38.3           2310.9610
      38.4           2345.2580
      38.5           2379.7080
      38.6           2414.3080
      38.7           2449.0550
      38.8           2483.9490
      38.9    5      2518.9860
      39.0           2554.1640
      39.1           2589.4810
      39.2           2624.9350
      39.3           2660.5250
      39.4           2696.2480
      39.5           2732.1010
      39.6           2768.0840
      39.7           2804.1930
      39.8           2840.4280
      39.9           2876.7860
      40.0           2913.2650

 MIN SSQ IS    4.27  AT A P50 OF  26.4  TORR,GIVING:

  SET #   VIRT PO2    MEAS SAT   KELMAN SAT     DIFF     LN PO2   LN(S/(1-S))
    1       45.40       80.60       81.56       -.96      3.82        1.42
    2       46.25       82.70       82.43        .27      3.83        1.56
    3       44.37       82.10       80.46       1.64      3.79        1.52
    4       47.01       82.50       83.17       -.67      3.85        1.55
    5       38.75       72.80       73.15       -.35      3.66         .98



  MEAN VALUE OF MEASURED   SAT (X) =      80.1
  MEAN VALUE OF CALCULATED SAT (Y) =      80.2
  STANDARD DEVIATION OF MEASURED   SATURATIONS =       4.2
  STANDARD DEVIATION OF CALCULATED SATURATIONS =       4.0
  SLOPE OF LINEAR REGRESSION LINE =      .936
  Y INTERCEPT OF THIS LINE =     5.125
  CORRELATION COEFFICIENT =      .969

      #      SAMPLE     MEAS SAT (X)   CALC SAT (Y)    BEST FIT Y       DIFF

      1         1          80.60          81.56          80.59           .98
      2         2          82.70          82.43          82.55          -.12
      3         3          82.10          80.46          81.99         -1.53
      4         4          82.50          83.17          82.37           .80
      5         5          72.80          73.15          73.28          -.13



 LINEAR REGRESSION BETWEEN LOG PO2 & LOG(SAT/(1-SAT))

 HILL N IS THE SLOPE; P50 IS EXP(-INTERCEPT/SLOPE)

  MEAN VALUE OF      LOG PO2 (X)     =      3.79
  MEAN VALUE OF LOG(SAT/(1-SAT)) (Y) =      1.41
  STANDARD DEVIATION OF X =       .08
  STANDARD DEVIATION OF Y =       .24
  SLOPE OF LINEAR REGRESSION LINE =     3.033
  Y INTERCEPT OF THIS LINE =   -10.086
  CORRELATION COEFFICIENT =      .962


 #      SAMPLE     LOG PO2 (X)   LOG(SAT/(1-SAT)) (Y)  BEST FIT Y     DIFF

 1         1           3.82           1.42                1.49        -.06
 2         2           3.83           1.56                1.54         .02
 3         3           3.79           1.52                1.42         .11
 4         4           3.85           1.55                1.59        -.04
 5         5           3.66            .98                1.01        -.02


 HILL COEFFICIENT =  3.03   P50 =  27.8
