CON03                                                       

   % INSP O2    PO2      PCO2        PH    MEAS SAT      HB      HCRIT     TEMP

     21.00     44.00     25.10      7.43     84.10     16.00     49.00    37.30
     21.00     47.00     24.90      7.38     84.00     16.50     52.00    36.80
     21.00     45.00     24.40      7.36     83.80     16.30     53.00    36.50
     21.00     47.00     21.50      7.31     81.50     17.20     53.00    36.20
     21.00     37.00     29.20      7.40     76.80     15.20     50.00    37.30



   TRIAL P50       SUM OF SQUARES

      15.0            936.2567
      15.1            926.0279
      15.2            915.7222
      15.3            905.3398
      15.4            894.8824
      15.5            884.3514
      15.6            873.7481
      15.7            863.0742
      15.8            852.3312
      15.9            841.5206
      16.0            830.6447
      16.1            819.7056
      16.2            808.7039
      16.3            797.6432
      16.4            786.5250
      16.5            775.3519
      16.6            764.1255
      16.7            752.8492
      16.8            741.5253
      16.9            730.1561
      17.0            718.7448
      17.1            707.2935
      17.2            695.8057
      17.3            684.2842
      17.4            672.7326
      17.5            661.1533
      17.6            649.5499
      17.7            637.9258
      17.8            626.2848
      17.9            614.6296
      18.0            602.9648
      18.1            591.2935
      18.2            579.6192
      18.3            567.9463
      18.4            556.2789
      18.5            544.6202
      18.6            532.9747
      18.7            521.3467
      18.8            509.7403
      18.9            498.1598
      19.0            486.6095
      19.1            475.0934
      19.2            463.6166
      19.3            452.1832
      19.4            440.7979
      19.5            429.4653
      19.6            418.1899
      19.7            406.9767
      19.8            395.8304
      19.9            384.7554
      20.0            373.7569
      20.1            362.8393
      20.2            352.0080
      20.3            341.2677
      20.4            330.6230
      20.5            320.0794
      20.6            309.6414
      20.7            299.3141
      20.8            289.1025
      20.9            279.0117
      21.0            269.0468
      21.1            259.2122
      21.2            249.5133
      21.3            239.9555
      21.4            230.5429
      21.5            221.2811
      21.6            212.1748
      21.7            203.2291
      21.8            194.4489
      21.9            185.8388
      22.0            177.4041
      22.1            169.1493
      22.2            161.0796
      22.3            153.1993
      22.4            145.5136
      22.5            138.0271
      22.6            130.7442
      22.7            123.6697
      22.8            116.8084
      22.9            110.1645
      23.0            103.7427
      23.1             97.5473
      23.2             91.5826
      23.3             85.8532
      23.4             80.3630
      23.5             75.1165
      23.6             70.1176
      23.7             65.3705
      23.8             60.8792
      23.9             56.6476
      24.0             52.6795
      24.1             48.9787
      24.2             45.5489
      24.3             42.3938
      24.4             39.5169
      24.5             36.9217
      24.6             34.6114
      24.7             32.5897
      24.8             30.8594
      24.9             29.4239
      25.0             28.2862
      25.1             27.4493
      25.2             26.9160
      25.3             26.6890
      25.4             26.7714
      25.5             27.1653
      25.6             27.8736
      25.7             28.8985
      25.8             30.2423
      25.9             31.9076
      26.0             33.8961
      26.1             36.2102
      26.2             38.8516
      26.3             41.8224
      26.4             45.1243
      26.5             48.7589
      26.6             52.7279
      26.7             57.0326
      26.8             61.6747
      26.9             66.6554
      27.0             71.9757
      27.1             77.6369
      27.2             83.6400
      27.3             89.9862
      27.4             96.6757
      27.5            103.7098
      27.6            111.0890
      27.7            118.8141
      27.8            126.8852
      27.9            135.3028
      28.0            144.0673
      28.1            153.1791
      28.2            162.6379
      28.3            172.4443
      28.4            182.5975
      28.5            193.0984
      28.6            203.9460
      28.7            215.1405
      28.8            226.6811
      28.9            238.5677
      29.0            250.8000
      29.1            263.3767
      29.2            276.2979
      29.3            289.5625
      29.4            303.1700
      29.5            317.1190
      29.6            331.4091
      29.7            346.0392
      29.8            361.0076
      29.9            376.3140
      30.0            391.9570
      30.1            407.9352
      30.2            424.2477
      30.3            440.8922
      30.4            457.8680
      30.5            475.1737
      30.6            492.8076
      30.7            510.7679
      30.8            529.0532
      30.9            547.6616
      31.0            566.5916
      31.1            585.8416
      31.2            605.4091
      31.3            625.2932
      31.4            645.4910
      31.5            666.0013
      31.6            686.8215
      31.7            707.9501
      31.8            729.3849
      31.9            751.1237
      32.0            773.1645
      32.1            795.5051
      32.2            818.1425
      32.3            841.0759
      32.4            864.3027
      32.5            887.8199
      32.6            911.6259
      32.7            935.7184
      32.8            960.0945
      32.9            984.7526
      33.0           1009.6900
      33.1           1034.9040
      33.2           1060.3930
      33.3           1086.1530
      33.4           1112.1840
      33.5           1138.4810
      33.6           1165.0440
      33.7           1191.8690
      33.8           1218.9530
      33.9           1246.2950
      34.0           1273.8910
      34.1           1301.7400
      34.2           1329.8390
      34.3           1358.1850
      34.4           1386.7760
      34.5           1415.6080
      34.6           1444.6810
      34.7           1473.9910
      34.8           1503.5360
      34.9           1533.3130
      35.0           1563.3190
      35.1           1593.5530
      35.2           1624.0110
      35.3           1654.6910
      35.4           1685.5910
      35.5           1716.7080
      35.6           1748.0400
      35.7           1779.5830
      35.8           1811.3370
      35.9           1843.2970
      36.0           1875.4620
      36.1           1907.8290
      36.2           1940.3960
      36.3           1973.1600
      36.4           2006.1200
      36.5           2039.2710
      36.6           2072.6130
      36.7           2106.1410
      36.8           2139.8560
      36.9           2173.7520
      37.0           2207.8300
      37.1           2242.0860
      37.2           2276.5180
      37.3           2311.1220
      37.4           2345.8980
      37.5           2380.8420
      37.6           2415.9530
      37.7           2451.2280
      37.8           2486.6660
      37.9           2522.2620
      38.0           2558.0170
      38.1           2593.9260
      38.2           2629.9890
      38.3           2666.2030
      38.4           2702.5650
      38.5           2739.0740
      38.6           2775.7270
      38.7           2812.5220
      38.8           2849.4580
      38.9           2886.5310
      39.0           2923.7410
      39.1           2961.0840
      39.2           2998.5600
      39.3           3036.1650
      39.4           3073.8980
      39.5           3111.7570
      39.6           3149.7400
      39.7           3187.8450
      39.8           3226.0700
      39.9           3264.4130
      40.0           3302.8720

 MIN SSQ IS   26.69  AT A P50 OF  25.3  TORR,GIVING:

  SET #   VIRT PO2    MEAS SAT   KELMAN SAT     DIFF     LN PO2   LN(S/(1-S))
    1       45.79       84.10       83.88        .22      3.82        1.67
    2       47.91       84.00       85.74      -1.74      3.87        1.66
    3       46.10       83.80       84.17       -.37      3.83        1.64
    4       46.85       81.50       84.84      -3.34      3.85        1.48
    5       37.22       76.80       73.29       3.51      3.62        1.20



  MEAN VALUE OF MEASURED   SAT (X) =      82.0
  MEAN VALUE OF CALCULATED SAT (Y) =      82.4
  STANDARD DEVIATION OF MEASURED   SATURATIONS =       3.1
  STANDARD DEVIATION OF CALCULATED SATURATIONS =       5.1
  SLOPE OF LINEAR REGRESSION LINE =     1.519
  Y INTERCEPT OF THIS LINE =   -42.220
  CORRELATION COEFFICIENT =      .923

      #      SAMPLE     MEAS SAT (X)   CALC SAT (Y)    BEST FIT Y       DIFF

      1         1          84.10          83.88          85.51         -1.63
      2         2          84.00          85.74          85.36           .38
      3         3          83.80          84.17          85.06          -.89
      4         4          81.50          84.84          81.57          3.28
      5         5          76.80          73.29          74.43         -1.14



 LINEAR REGRESSION BETWEEN LOG PO2 & LOG(SAT/(1-SAT))

 HILL N IS THE SLOPE; P50 IS EXP(-INTERCEPT/SLOPE)

  MEAN VALUE OF      LOG PO2 (X)     =      3.80
  MEAN VALUE OF LOG(SAT/(1-SAT)) (Y) =      1.53
  STANDARD DEVIATION OF X =       .10
  STANDARD DEVIATION OF Y =       .20
  SLOPE OF LINEAR REGRESSION LINE =     1.770
  Y INTERCEPT OF THIS LINE =    -5.193
  CORRELATION COEFFICIENT =      .905


 #      SAMPLE     LOG PO2 (X)   LOG(SAT/(1-SAT)) (Y)  BEST FIT Y     DIFF

 1         1           3.82           1.67                1.58         .09
 2         2           3.87           1.66                1.66         .00
 3         3           3.83           1.64                1.59         .06
 4         4           3.85           1.48                1.62        -.13
 5         5           3.62           1.20                1.21        -.01


 HILL COEFFICIENT =  1.77   P50 =  18.8
